1 1172
2 2623
3 3525
4 6549
5 9000
6 10257
7 15466
8 18298
9 21510
10 23945
11 27755
12 28764
13 31681
14 44693
15 44917
16 54987
17 57976
18 66513
19 66671
20 72188
21 73833
22 77251
23 82545
24 86739
25 90880
26 96103
27 100839
28 139899
29 134212
30 139455
31 146012
32 184644
33 191925
34 198057
35 205361
36 211459
37 218992
38 225227
39 242259
40 239487
41 246984
42 254463
43 262303
44 271012
45 279123
46 286565
47 296502
48 305253
49 314367
50 321190
51 330945
52 343431
53 348812
54 358383
55 485963
56 453689
57 467549
58 478862
59 490676
60 507913
61 512588
62 524454
63 533692
64 599177
65 618972
66 627027
67 658655
68 653362
69 661517
70 675601
71 691676
72 709216
73 723284
74 731999
75 744276
76 762490
77 781774
78 787224
79 802498
80 817595
81 831423
82 846597
83 860474
84 881369
85 891405
86 917534
87 921509
88 937127
89 943264
90 969948
