1 1194
2 2487
3 3627
4 6514
5 8707
6 10428
7 15442
8 18280
9 21650
10 23769
11 26174
12 28628
13 32558
14 45074
15 45640
16 54616
17 58043
18 62349
19 65660
20 68810
21 74095
22 77216
23 83360
24 86418
25 91695
26 96722
27 100801
28 140174
29 135432
30 140397
31 146908
32 184872
33 191300
34 197900
35 205718
36 215393
37 225552
38 225754
39 239114
40 241106
41 246761
42 254587
43 264228
44 271055
45 280702
46 287311
47 297190
48 304623
49 314439
50 321652
51 331490
52 347588
53 349156
54 359265
55 487607
56 455850
57 468482
58 485956
59 496930
60 512968
61 518988
62 528063
63 542217
64 602908
65 621026
66 633152
67 655742
68 658193
69 669910
70 682922
71 695035
72 717136
73 728746
74 734027
75 748907
76 763719
77 789798
78 791312
79 806517
80 820691
81 833553
82 851753
83 868050
84 882662
85 895855
86 914068
87 927980
88 940070
89 951318
90 973503
