1 866
2 1712
3 2063
4 3587
5 5010
6 6109
7 8430
8 10260
9 11512
10 12941
11 13966
12 15664
13 16816
14 22548
15 22440
16 26176
17 28146
18 29619
19 31686
20 33439
21 35323
22 37423
23 39182
24 41551
25 43336
26 45246
27 47903
28 62486
29 60124
30 62470
31 65434
32 82642
33 86047
34 89711
35 92813
36 96106
37 99297
38 101603
39 105115
40 107800
41 112759
42 116332
43 119631
44 122315
45 126620
46 129776
47 132815
48 136501
49 141325
50 143324
51 147483
52 150985
53 156330
54 159137
55 205194
56 201926
57 208147
58 211000
59 215605
60 219374
61 224726
62 229723
63 233781
64 265125
65 271575
66 275422
67 280155
68 286186
69 291049
70 295932
71 302088
72 307727
73 316883
74 320880
75 326787
76 334208
77 337437
78 345104
79 351609
80 354955
81 359824
82 366091
83 376288
84 393506
85 388371
86 392313
87 400703
88 405208
89 418998
90 418048
91 428878
92 438550
93 443132
94 448981
95 455655
96 467313
97 472813
98 479138
99 484814
100 500051
101 500715
102 512816
103 515220
104 523416
105 535937
106 536732
107 546517
108 555608
109 559090
110 722727
111 679156
112 690195
113 703633
114 710326
115 715130
116 729185
117 733897
118 737050
119 745902
120 757279
121 776044
122 779538
123 788873
124 803680
125 805258
126 816612
127 821753
128 900639
129 917222
130 922860
131 926375
132 945426
133 942043
134 953066
135 973995
136 972803
137 1000859
138 988797
139 1001787
140 1024438
141 1030883
142 1037359
143 1048326
144 1054890
145 1075441
146 1074768
147 1094462
148 1121761
149 1109768
150 1122312
