4 150
1 862
2 1704
3 2066
4 3585
5 5017
6 6132
7 8186
8 10232
9 11468
10 12721
11 13960
12 15528
13 16828
14 21799
15 22090
16 26394
17 27825
18 29522
19 31537
20 33355
21 35050
22 37344
23 39157
24 41645
25 43337
26 45061
27 47476
28 62111
29 60703
30 61968
31 64126
32 81274
33 84630
34 88358
35 92309
36 94691
37 98053
38 101096
39 105489
40 109003
41 112626
42 115800
43 118997
44 121776
45 126082
46 129159
47 133063
48 135659
49 139792
50 143187
51 146941
52 150818
53 156108
54 158077
55 203793
56 201130
57 206988
58 208762
59 213161
60 219089
61 223675
62 230449
63 236075
64 263912
65 270557
66 274792
67 279149
68 287981
69 289527
70 298716
71 301852
72 307441
73 315006
74 322218
75 328146
76 331638
77 338318
78 345786
79 352392
80 352400
81 361451
82 370583
83 374948
84 393992
85 387912
86 393465
87 402905
88 406969
89 420776
90 420487
91 429859
92 436689
93 444749
94 450225
95 454592
96 464847
97 471704
98 475400
99 487444
100 500323
101 504181
102 511188
103 516095
104 526212
105 540423
106 542765
107 549948
108 557005
109 567543
110 723176
111 683535
112 680806
113 700023
114 705057
115 720984
116 731058
117 734533
118 740672
119 750174
120 757642
121 776509
122 777977
123 785531
124 799590
125 804107
126 812384
127 823808
128 899242
129 917739
130 918943
131 931906
132 946372
133 938229
134 953311
135 971696
136 969938
137 1002571
138 993272
139 1005275
140 1022275
141 1021355
142 1036443
143 1048743
144 1055975
145 1082788
146 1075587
147 1091035
148 1114244
149 1100505
150 1114718
1 864
2 1801
3 2049
4 3592
5 4996
6 6099
7 8402
8 10239
9 11487
10 12838
11 13983
12 15875
13 16835
14 21982
15 22067
16 26784
17 28214
18 29699
19 32063
20 33563
21 35294
22 37658
23 39953
24 42069
25 44367
26 45426
27 48166
28 62789
29 60649
30 61368
31 64073
32 81427
33 85330
34 88798
35 92366
36 95501
37 98979
38 101738
39 106346
40 109044
41 113401
42 116436
43 120273
44 122965
45 127183
46 131534
47 133819
48 137184
49 140853
50 144303
51 149894
52 152631
53 155388
54 158821
55 205722
56 201434
57 206758
58 211341
59 214803
60 219838
61 227062
62 229775
63 234563
64 266446
65 268424
66 274355
67 280816
68 289449
69 292568
70 299853
71 302786
72 304997
73 315514
74 320439
75 325916
76 331000
77 338238
78 344158
79 352886
80 356643
81 365523
82 368908
83 375429
84 388723
85 388270
86 394413
87 403408
88 410032
89 422083
90 421271
91 428758
92 437172
93 446382
94 448772
95 451568
96 468071
97 474198
98 478580
99 485598
100 501885
101 503403
102 508688
103 520586
104 522381
105 538229
106 543831
107 548381
108 560940
109 565004
110 720534
111 678453
112 688991
113 700653
114 706124
115 716974
116 734065
117 728701
118 740907
119 741079
120 763079
121 776102
122 782525
123 789027
124 805020
125 818724
126 810671
127 816029
128 896368
129 913267
130 933389
131 923561
132 950420
133 947902
134 964174
135 968745
136 969697
137 1010895
138 991032
139 1011005
140 1020480
141 1030717
142 1032004
143 1048533
144 1067037
145 1076428
146 1094526
147 1089539
148 1115105
149 1104013
150 1108882
1 866
2 1712
3 2063
4 3587
5 5010
6 6109
7 8430
8 10260
9 11512
10 12941
11 13966
12 15664
13 16816
14 22548
15 22440
16 26176
17 28146
18 29619
19 31686
20 33439
21 35323
22 37423
23 39182
24 41551
25 43336
26 45246
27 47903
28 62486
29 60124
30 62470
31 65434
32 82642
33 86047
34 89711
35 92813
36 96106
37 99297
38 101603
39 105115
40 107800
41 112759
42 116332
43 119631
44 122315
45 126620
46 129776
47 132815
48 136501
49 141325
50 143324
51 147483
52 150985
53 156330
54 159137
55 205194
56 201926
57 208147
58 211000
59 215605
60 219374
61 224726
62 229723
63 233781
64 265125
65 271575
66 275422
67 280155
68 286186
69 291049
70 295932
71 302088
72 307727
73 316883
74 320880
75 326787
76 334208
77 337437
78 345104
79 351609
80 354955
81 359824
82 366091
83 376288
84 393506
85 388371
86 392313
87 400703
88 405208
89 418998
90 418048
91 428878
92 438550
93 443132
94 448981
95 455655
96 467313
97 472813
98 479138
99 484814
100 500051
101 500715
102 512816
103 515220
104 523416
105 535937
106 536732
107 546517
108 555608
109 559090
110 722727
111 679156
112 690195
113 703633
114 710326
115 715130
116 729185
117 733897
118 737050
119 745902
120 757279
121 776044
122 779538
123 788873
124 803680
125 805258
126 816612
127 821753
128 900639
129 917222
130 922860
131 926375
132 945426
133 942043
134 953066
135 973995
136 972803
137 1000859
138 988797
139 1001787
140 1024438
141 1030883
142 1037359
143 1048326
144 1054890
145 1075441
146 1074768
147 1094462
148 1121761
149 1109768
150 1122312
1 866
2 1712
3 2063
4 3587
5 5010
6 6109
7 8430
8 10260
9 11512
10 12941
11 13966
12 15664
13 16816
14 22548
15 22440
16 26176
17 28146
18 29619
19 31686
20 33439
21 35323
22 37423
23 39182
24 41551
25 43336
26 45246
27 47903
28 62486
29 60124
30 62470
31 65434
32 82642
33 86047
34 89711
35 92813
36 96106
37 99297
38 101603
39 105115
40 107800
41 112759
42 116332
43 119631
44 122315
45 126620
46 129776
47 132815
48 136501
49 141325
50 143324
51 147483
52 150985
53 156330
54 159137
55 205194
56 201926
57 208147
58 211000
59 215605
60 219374
61 224726
62 229723
63 233781
64 265125
65 271575
66 275422
67 280155
68 286186
69 291049
70 295932
71 302088
72 307727
73 316883
74 320880
75 326787
76 334208
77 337437
78 345104
79 351609
80 354955
81 359824
82 366091
83 376288
84 393506
85 388371
86 392313
87 400703
88 405208
89 418998
90 418048
91 428878
92 438550
93 443132
94 448981
95 455655
96 467313
97 472813
98 479138
99 484814
100 500051
101 500715
102 512816
103 515220
104 523416
105 535937
106 536732
107 546517
108 555608
109 559090
110 722727
111 679156
112 690195
113 703633
114 710326
115 715130
116 729185
117 733897
118 737050
119 745902
120 757279
121 776044
122 779538
123 788873
124 803680
125 805258
126 816612
127 821753
128 900639
129 917222
130 922860
131 926375
132 945426
133 942043
134 953066
135 973995
136 972803
137 1000859
138 988797
139 1001787
140 1024438
141 1030883
142 1037359
143 1048326
144 1054890
145 1075441
146 1074768
147 1094462
148 1121761
149 1109768
150 1122312
