1 862
2 1704
3 2066
4 3585
5 5017
6 6132
7 8186
8 10232
9 11468
10 12721
11 13960
12 15528
13 16828
14 21799
15 22090
16 26394
17 27825
18 29522
19 31537
20 33355
21 35050
22 37344
23 39157
24 41645
25 43337
26 45061
27 47476
28 62111
29 60703
30 61968
31 64126
32 81274
33 84630
34 88358
35 92309
36 94691
37 98053
38 101096
39 105489
40 109003
41 112626
42 115800
43 118997
44 121776
45 126082
46 129159
47 133063
48 135659
49 139792
50 143187
51 146941
52 150818
53 156108
54 158077
55 203793
56 201130
57 206988
58 208762
59 213161
60 219089
61 223675
62 230449
63 236075
64 263912
65 270557
66 274792
67 279149
68 287981
69 289527
70 298716
71 301852
72 307441
73 315006
74 322218
75 328146
76 331638
77 338318
78 345786
79 352392
80 352400
81 361451
82 370583
83 374948
84 393992
85 387912
86 393465
87 402905
88 406969
89 420776
90 420487
91 429859
92 436689
93 444749
94 450225
95 454592
96 464847
97 471704
98 475400
99 487444
100 500323
101 504181
102 511188
103 516095
104 526212
105 540423
106 542765
107 549948
108 557005
109 567543
110 723176
111 683535
112 680806
113 700023
114 705057
115 720984
116 731058
117 734533
118 740672
119 750174
120 757642
121 776509
122 777977
123 785531
124 799590
125 804107
126 812384
127 823808
128 899242
129 917739
130 918943
131 931906
132 946372
133 938229
134 953311
135 971696
136 969938
137 1002571
138 993272
139 1005275
140 1022275
141 1021355
142 1036443
143 1048743
144 1055975
145 1082788
146 1075587
147 1091035
148 1114244
149 1100505
150 1114718
