1 1216
2 2561
3 3526
4 6565
5 8932
6 10286
7 15546
8 18208
9 21610
10 23723
11 26813
12 28619
13 31899
14 44962
15 45537
16 54720
17 57868
18 63395
19 66018
20 69792
21 73891
22 77974
23 82519
24 86388
25 91467
26 96350
27 100958
28 139869
29 134582
30 140392
31 146568
32 184545
33 190836
34 197643
35 204711
36 211790
37 219780
38 226746
39 236386
40 239414
41 246714
42 253720
43 264032
44 270209
45 279779
46 286049
47 297302
48 304881
49 312757
50 320361
51 332617
52 342612
53 348658
54 358437
55 488038
56 459076
57 470848
58 482726
59 495259
60 511745
61 516034
62 527219
63 539026
64 602538
65 619546
66 631949
67 653225
68 656403
69 666527
70 679553
71 693769
72 710977
73 732385
74 731566
75 746239
76 759357
77 780207
78 785403
79 801557
80 814922
81 829201
82 846363
83 861238
84 878018
85 890677
86 910164
87 921758
88 933504
89 946186
90 965177
