14 0
43 0
43 0
35 2 2 3
51 2 2 4
64 3 4 5 6
66 2 3 4
89 2 4 7
70 4 2 3 5 7
100 4 2 5 7 9
107 3 4 7 8
128 6 2 3 5 6 8 12
157 7 3 4 5 8 9 11 12
161 4 6 8 9 13
170 8 3 4 5 6 7 8 13 15
146 9 4 5 6 7 8 9 11 12 16
164 9 2 3 5 8 9 13 14 15 16
196 7 5 7 9 10 11 14 17
215 4 8 9 12 17
182 9 2 3 6 7 8 11 12 15 18
254 10 2 4 5 8 10 14 17 18 20 21
194 12 3 5 7 10 11 13 14 15 16 17 21 22
224 14 3 4 5 8 9 12 13 14 15 17 18 20 22 23
221 12 6 8 9 11 13 14 15 18 20 21 22 23
192 10 2 3 6 8 12 13 14 18 23 24
259 14 3 4 7 9 11 13 14 15 16 18 19 21 24 25
212 11 4 7 11 12 13 14 18 19 20 21 25
194 15 2 4 5 6 7 9 10 11 14 18 21 22 24 27 28
285 13 4 5 6 7 10 11 14 18 21 22 23 24 28
243 14 2 4 6 9 12 14 15 16 18 19 24 26 27 29
297 16 2 3 4 5 6 8 9 11 12 14 19 21 22 23 24 31
269 15 4 6 11 13 14 16 18 20 22 23 26 29 30 31 32
305 17 3 4 7 8 9 10 12 13 15 17 18 23 24 27 28 29 32
329 18 4 5 6 11 12 15 16 18 19 23 24 25 27 28 29 31 32 33
302 16 2 3 5 9 12 14 17 20 22 23 24 26 28 29 32 34
235 20 2 3 5 6 9 11 12 18 20 21 22 23 24 25 28 29 32 33 34 35
362 21 4 6 7 10 11 12 14 15 16 19 20 25 26 28 29 31 32 33 34 36 37
305 16 3 4 5 7 8 9 10 13 20 25 26 29 31 33 34 38
349 21 4 6 8 10 11 13 14 15 18 21 23 24 26 27 28 30 31 35 36 37 39
378 18 4 5 6 7 8 11 12 16 17 24 27 29 30 33 36 37 38 40
429 22 4 6 7 9 10 12 13 14 16 17 20 22 23 25 28 29 31 32 33 36 37 41
322 21 2 4 7 8 9 11 16 17 19 20 24 26 27 28 29 31 33 35 36 39 41
446 23 2 3 4 7 9 11 12 13 14 16 18 19 22 25 27 29 30 32 33 35 40 42 43
353 25 3 4 9 10 12 13 14 15 16 17 18 20 21 23 25 26 27 28 29 32 36 39 41 43 44
454 24 2 7 9 11 12 13 14 16 18 21 22 23 24 27 29 30 31 32 33 36 38 39 42 45
377 21 3 4 7 8 11 15 16 17 18 21 22 26 31 33 34 35 36 37 39 41 42
443 24 2 3 7 8 10 11 13 14 15 17 18 19 22 23 25 27 28 33 36 39 40 41 42 47
461 27 2 6 8 9 11 12 14 15 16 18 20 21 22 23 25 28 29 32 34 36 37 38 41 42 44 45 47
431 24 7 8 9 11 14 16 17 18 19 21 23 28 30 31 33 35 36 37 38 39 41 44 45 46
502 25 4 6 9 10 11 13 14 16 18 21 22 24 26 27 28 31 33 35 36 37 40 42 44 45 48
479 31 2 8 9 10 11 13 14 16 17 19 20 21 22 24 26 27 31 32 33 34 36 37 39 40 41 42 44 45 47 48 49
490 26 2 5 8 9 10 14 20 21 25 28 29 30 32 33 35 37 38 40 41 42 44 45 48 50 51 52
497 30 2 3 4 5 6 8 10 11 12 13 14 15 16 19 20 22 23 25 29 30 31 34 37 38 39 41 43 50 52 53
490 33 3 4 5 7 9 11 12 13 14 16 17 20 21 22 23 24 25 26 28 29 32 33 34 36 37 39 41 42 43 45 49 52 54
478 28 2 4 5 7 9 10 11 15 16 17 19 24 28 29 30 31 35 38 39 44 46 47 48 50 51 52 54 55
557 27 2 3 4 5 7 8 12 14 15 23 27 28 31 32 33 35 39 41 42 43 44 45 49 50 51 53 56
403 31 6 7 12 13 15 18 19 20 22 25 26 29 30 32 33 35 37 39 40 41 42 45 46 47 49 50 51 53 54 55 56
519 23 6 7 8 12 14 15 17 21 23 28 30 34 35 38 43 44 45 46 48 49 51 56 58
533 31 2 5 7 9 10 11 13 15 16 20 21 22 25 27 29 30 34 35 36 40 41 44 48 49 50 51 55 56 57 58 59
532 28 2 4 6 9 13 14 17 22 23 26 30 31 32 33 34 39 40 43 45 49 51 52 53 55 56 57 59 60
592 34 2 4 6 7 9 10 11 12 13 17 18 20 24 25 26 28 30 32 33 34 35 37 38 40 43 44 45 46 47 50 53 56 58 61
600 30 2 4 5 6 8 12 17 18 19 21 23 24 25 27 28 30 31 32 33 38 42 44 46 48 51 55 56 60 61 62
579 32 2 3 5 6 7 9 10 11 12 16 17 20 21 24 30 31 34 35 36 38 41 42 44 47 48 49 50 54 56 58 60 61
497 31 2 5 6 8 9 10 11 14 17 20 25 30 31 32 35 36 37 39 42 46 47 50 53 55 56 58 59 60 61 63 64
675 33 2 3 4 10 14 15 16 20 21 25 26 27 28 29 31 32 33 36 38 39 40 41 42 44 50 52 55 57 58 61 63 64 65
552 34 2 3 5 8 13 15 16 18 19 23 25 26 28 30 36 37 38 42 43 44 46 47 49 50 51 53 54 57 58 59 61 62 65 66
635 31 7 8 10 11 12 14 16 17 18 20 25 26 27 30 32 33 34 39 40 44 45 46 47 49 51 52 53 57 59 61 67
623 35 2 3 6 9 10 11 12 14 16 18 20 21 24 25 30 33 34 35 36 38 41 45 48 50 54 56 57 59 60 61 62 63 64 67 68
674 31 5 9 10 11 12 18 22 25 27 29 30 32 33 34 37 40 41 44 45 46 49 50 51 53 55 58 62 63 65 67 69
676 31 2 4 5 7 10 11 13 14 17 20 21 26 30 31 32 33 35 36 38 39 40 45 46 50 53 56 62 65 67 68 69
666 35 2 6 7 10 11 15 16 17 19 20 21 23 26 28 29 31 33 35 37 41 42 43 44 48 49 50 53 54 55 57 62 67 68 69 71
677 41 2 6 8 10 12 13 15 16 17 19 20 21 22 26 28 29 32 33 34 35 37 39 40 41 42 43 44 45 48 50 53 55 56 57 59 61 63 64 67 70 71
700 36 3 4 7 8 10 12 15 16 17 18 19 20 21 23 24 25 27 28 31 35 36 37 38 45 47 49 52 53 59 63 64 65 68 69 71 73
714 38 2 3 4 5 6 8 9 10 13 16 17 19 20 21 22 24 25 26 29 30 31 34 35 41 43 44 46 49 51 52 55 59 63 65 67 71 72 73
762 37 4 7 8 10 11 14 16 18 19 20 21 23 25 28 30 33 34 37 39 42 43 45 48 49 52 54 55 57 58 61 64 66 67 68 70 72 75
746 34 2 3 6 7 8 12 13 14 19 24 25 27 29 31 34 35 36 38 41 43 45 46 49 53 55 56 60 64 65 68 71 72 73 75
720 36 4 6 10 15 16 17 18 21 23 25 26 29 30 31 33 37 38 40 41 42 43 45 47 53 57 58 59 62 63 65 67 68 72 73 75 77
679 35 5 6 9 12 13 14 17 19 20 22 25 28 29 34 35 36 41 43 46 47 48 54 55 58 60 62 65 66 67 70 71 74 75 76 78
756 32 3 4 7 9 12 14 15 17 19 25 27 29 32 34 35 36 45 46 47 49 50 54 58 59 60 62 64 65 68 73 77 79
719 40 2 4 5 7 8 9 12 13 14 16 17 18 19 20 22 24 26 31 32 35 36 40 42 44 47 48 49 51 54 55 57 58 62 67 69 71 72 74 76 78
721 36 4 5 6 12 17 19 20 21 24 26 28 30 32 36 38 39 40 41 42 47 49 54 55 56 57 58 60 62 63 66 71 72 74 75 76 81
754 43 3 5 6 12 15 17 20 21 23 24 25 27 29 30 31 33 36 39 41 42 44 45 49 50 51 52 53 56 57 58 62 64 66 67 71 72 74 75 76 77 79 81 82
874 40 2 3 4 5 9 13 14 15 18 22 23 25 26 27 29 31 32 33 34 37 39 41 43 44 47 48 49 52 57 61 62 67 70 73 74 75 77 78 81 83
728 45 3 5 6 8 11 16 20 23 24 25 27 28 29 32 33 37 41 42 44 45 47 48 49 50 52 55 56 58 59 60 61 62 64 65 67 70 71 72 74 77 78 79 81 82 84
816 33 5 10 12 14 15 16 17 18 20 22 23 24 28 31 33 42 44 45 46 47 49 50 52 54 59 63 64 68 69 71 74 76 82
726 43 3 5 7 8 9 10 12 13 16 17 19 21 22 27 28 31 35 37 38 40 41 42 43 46 47 48 50 54 57 58 59 65 67 68 71 72 73 75 76 79 81 83 85
782 35 4 9 10 14 15 18 20 21 24 26 27 31 32 37 39 44 45 49 50 51 53 54 58 64 66 68 70 72 73 78 79 81 83 85 87
835 37 4 6 8 10 11 12 19 21 25 27 28 30 33 37 41 42 44 45 47 48 51 54 55 58 60 62 64 65 69 72 76 78 79 81 83 84 88
848 44 3 4 5 6 8 11 13 18 19 24 28 30 31 32 33 37 39 40 43 44 46 47 48 49 51 52 54 56 57 59 61 62 67 69 70 72 73 76 79 80 81 84 85 87
773 47 3 4 6 8 9 10 11 14 17 18 20 24 26 29 31 32 33 35 36 37 40 43 44 45 46 48 49 51 53 54 56 57 59 62 67 70 71 72 76 78 79 81 82 84 86 89 90
817 40 2 4 10 11 13 14 19 24 27 28 29 30 33 35 36 37 40 42 45 46 48 52 53 60 61 62 65 67 68 70 71 74 75 78 81 83 85 88 89 91
928 40 3 4 5 6 7 9 13 16 17 18 20 21 22 24 25 27 29 31 33 37 38 41 42 46 53 56 58 61 64 68 71 73 75 76 78 79 84 86 88 90
917 51 3 5 8 9 10 11 13 15 16 20 21 22 24 25 26 29 30 31 34 35 37 38 40 43 44 46 47 48 50 52 53 55 59 61 63 65 68 69 71 73 74 75 77 78 79 80 86 88 90 91 92
983 44 2 4 5 10 11 13 15 19 22 24 30 31 34 36 39 41 43 44 46 49 50 51 54 55 58 62 63 66 67 71 74 77 80 81 82 84 85 86 87 89 90 91 92 94
770 46 6 7 10 12 15 19 24 25 28 32 33 35 36 38 39 41 42 44 45 48 49 50 51 52 55 56 59 60 61 62 66 68 70 71 76 77 79 81 83 85 86 87 88 91 93 94
861 46 2 4 5 7 11 12 14 16 17 23 24 25 28 31 32 34 35 36 37 38 39 48 49 51 54 56 57 59 60 63 66 69 70 71 73 76 77 79 84 86 87 88 90 91 94 96
914 49 2 7 8 11 14 16 18 20 23 24 25 27 30 31 33 35 36 38 40 43 44 47 48 50 54 57 59 60 61 62 63 65 66 67 69 76 77 78 79 80 82 83 85 87 91 93 94 95 96
952 44 2 6 7 8 10 12 14 16 18 19 20 21 25 27 28 29 30 31 33 38 41 44 46 47 52 61 62 64 66 70 71 73 77 79 80 83 85 86 87 89 91 92 97 98
881 47 2 5 6 9 11 15 17 20 21 23 25 28 33 34 38 41 43 45 46 47 49 51 54 55 57 58 60 63 64 66 67 69 70 71 72 75 79 80 83 85 86 89 91 92 96 98 99
942 49 2 8 11 12 15 16 18 20 24 25 26 30 31 32 33 34 36 37 39 40 43 47 49 50 52 53 54 55 60 62 64 67 68 69 72 73 74 75 76 78 79 80 83 85 90 91 94 98 100
