1 381
2 641
3 687
4 731
5 751
6 843
7 1042
8 1013
9 1106
10 1164
11 1387
12 1374
13 1578
14 1561
15 1679
16 1762
17 1825
18 1942
19 2173
20 2216
21 2451
22 2505
23 2427
24 2516
25 2642
26 3058
27 3349
28 3138
29 3051
30 3227
31 3253
32 3369
33 3496
34 3544
35 3595
36 3757
37 3787
38 3915
39 4046
40 4308
41 4741
42 4810
43 4533
44 4431
45 4680
46 4845
47 4743
48 4849
49 4995
50 5391
51 5626
52 5781
53 5651
54 5543
55 5681
56 5836
57 6122
58 5882
59 6012
60 6395
61 6701
62 6708
63 6693
64 6517
65 6669
66 6664
67 6856
68 7371
69 7806
70 7284
71 7182
72 7183
73 7470
74 7591
75 7567
76 7969
77 8352
78 8280
79 8148
80 8336
81 8349
82 8357
83 8900
84 9381
85 8782
86 8656
87 9106
88 9047
89 9154
90 9479
91 9690
92 9602
93 9538
94 9548
95 9795
96 10603
97 10284
98 9982
99 10194
100 11003
101 11214
102 11463
103 11300
104 10604
105 11886
106 12258
107 11890
108 11852
109 11856
110 11149
111 11118
112 12104
113 12990
114 12001
115 11619
116 12015
117 12482
118 12340
119 12319
120 12201
121 12334
122 12878
123 13181
124 12803
125 12621
126 13203
127 13471
128 13279
129 13504
130 13104
131 13234
132 14510
133 13969
134 13773
135 14216
136 13971
137 14511
138 14342
139 14115
140 14563
141 14996
142 14731
143 14986
144 14650
145 15195
146 15177
147 15054
148 15508
149 15838
150 15108
151 15510
152 15636
153 16370
154 16445
155 15747
156 16226
157 16444
158 16156
159 16296
160 16259
161 17051
162 16636
163 16453
164 16691
165 17458
166 17031
167 16853
168 17294
169 17580
170 17333
171 17611
172 17727
173 17883
174 17715
175 17792
176 17976
177 18641
178 18167
179 18394
180 18490
181 18782
182 18655
183 19385
184 19095
185 19070
186 19018
187 19427
188 19321
189 19583
190 19866
191 19654
192 19996
193 20184
194 20005
195 19919
196 20448
197 20168
198 20442
199 20542
200 20562
201 20800
202 21087
203 20837
204 21353
205 21384
206 20928
207 21198
208 21645
209 21236
210 21568
211 21816
212 22332
213 21989
214 22188
215 22094
216 22426
217 22596
218 22289
219 22534
220 23002
221 22775
222 22904
223 23118
224 22654
225 23393
226 23815
227 25155
228 25765
229 26069
230 26033
231 29681
232 29411
233 28924
234 30774
235 30517
236 28461
237 26233
238 24659
239 24584
240 25073
241 25159
242 24931
243 25202
244 25315
245 25076
246 25450
247 25531
248 25806
249 25684
250 25935
251 25957
252 26135
253 26057
254 26086
255 26414
256 26577
257 26443
258 26640
259 26693
260 26886
261 27240
262 26990
263 26897
264 27686
265 28549
266 27338
267 28297
268 31712
269 29337
270 27953
271 29610
272 28605
273 27973
274 28982
275 28547
276 28509
277 29086
278 31064
279 29204
280 29172
281 29390
282 29109
283 29067
284 29484
285 29530
286 29700
287 30055
288 29854
289 30068
290 29783
291 30707
292 30674
293 30460
294 30604
295 30684
296 31038
297 31531
298 30953
299 31059
300 31366
301 31600
302 31110
303 31760
304 31593
305 31961
306 31468
307 31970
308 31887
309 33400
310 32362
311 32893
312 32804
313 32823
314 32546
315 32831
316 32812
317 32944
318 33419
319 33262
320 33187
321 33074
322 33676
323 33865
324 33894
325 33813
326 33924
327 33771
328 34270
329 34319
330 34588
331 34470
332 34305
333 34665
334 34583
335 34887
336 34781
337 35304
338 35159
339 35657
340 35139
341 35309
342 35188
343 35630
344 35578
345 36548
346 43035
347 39336
348 39913
349 40039
350 39370
351 39766
352 40169
353 36517
354 36596
355 36818
356 36902
357 37226
358 37415
359 37726
360 37276
361 37617
362 38593
363 42084
364 39236
365 40383
366 40189
367 38135
368 39173
369 39237
370 40273
371 39459
372 38521
373 38315
374 38587
375 39569
376 39335
377 39636
378 39267
379 39552
380 39462
381 39845
382 40023
383 39806
384 39803
385 40179
386 39760
387 40144
388 40728
389 40507
390 40598
391 40640
392 42039
393 41230
394 42554
395 41428
396 48227
397 50697
398 52743
399 55417
