1 182
2 462
3 457
4 482
5 430
6 488
7 485
8 523
9 552
10 590
11 630
12 650
13 682
14 699
15 736
16 758
17 811
18 862
19 909
20 921
21 1012
22 1010
23 1044
24 1084
25 1118
26 1142
27 1217
28 1177
29 1247
30 1501
31 1534
32 1378
33 1500
34 1406
35 1478
36 1684
37 1545
38 1900
39 1790
40 1685
41 1911
42 1755
43 1900
44 2072
45 2174
46 2061
47 2030
48 2015
49 2003
50 2236
51 2255
52 2423
53 2420
54 2426
55 2568
56 2304
57 2683
58 2635
59 2591
60 2552
61 3120
62 2754
63 2475
64 2943
65 2652
66 2687
67 3014
68 3129
69 2987
70 2737
71 3045
72 3225
73 3155
74 3125
75 3200
76 2950
77 2944
78 3155
79 3229
80 2973
81 3359
82 3465
83 3428
84 3572
85 3603
86 3749
87 3566
88 3599
89 3664
90 3673
91 3711
92 3807
93 3414
94 3630
95 3850
96 3654
97 3735
98 3766
99 3769
100 3829
101 3940
102 3982
103 3971
104 4036
105 4127
106 4246
107 4269
108 4152
109 4155
110 4353
111 4034
112 4254
113 4290
114 4244
115 4442
116 4412
117 4240
118 4265
119 4374
120 4516
121 4812
122 4739
123 4674
124 4555
125 4518
126 4677
127 5184
128 4886
129 4862
130 4835
131 4880
132 5082
133 5099
134 5212
135 4943
136 5036
137 5095
138 5189
139 5342
140 5215
141 5213
142 5049
143 5302
144 5342
145 5226
146 5537
147 5571
148 5468
149 5827
150 5717
151 5688
152 5661
153 5727
154 5704
155 5799
156 5868
157 5998
158 5704
159 5964
160 5694
161 6112
162 5949
163 5866
164 6091
165 6146
166 6467
167 6268
168 6199
169 6547
170 6254
171 6404
172 6117
173 6510
174 6324
175 6509
176 6220
177 6378
178 6627
179 6288
180 6520
181 6682
182 6791
183 6694
184 6703
185 6683
186 6769
187 6613
188 6884
189 7223
190 7183
191 7352
192 7027
193 7015
194 6901
195 7200
196 6954
197 7551
198 7308
199 7536
200 7668
201 7109
202 7628
203 7402
204 7699
205 7278
206 7797
207 7630
208 7562
209 7844
210 7818
211 7606
212 7901
213 7947
214 7819
215 8067
216 7747
217 7864
218 8088
219 7716
220 7863
221 7930
222 8030
223 8420
224 8436
225 8012
226 8310
227 8896
228 8443
229 8447
230 8868
231 8572
232 8639
233 8523
234 8467
235 8364
236 8639
237 8569
238 8475
239 8758
240 8616
241 9025
242 8946
243 8572
244 8779
245 9603
246 9244
247 8979
248 9130
249 8866
250 9624
251 9287
252 9596
253 9242
254 9694
255 9625
256 9587
257 9431
258 9439
259 9537
260 9692
261 9398
262 9838
263 9898
264 9823
265 9994
266 9991
267 10166
268 9931
269 9847
270 10106
271 9985
272 9847
273 9996
274 9993
275 10373
276 10263
277 10402
278 10337
279 10637
280 10395
281 10222
282 10343
283 10745
284 10645
285 10503
286 10736
287 10839
288 10849
289 10790
290 11143
291 10664
292 11020
293 10618
294 10618
295 11352
296 11143
297 10794
298 10756
299 11082
300 11187
301 11718
302 11195
303 11095
304 11135
305 11197
306 11189
307 11376
308 11832
309 11378
310 11563
311 11212
312 11567
313 11768
314 11366
315 11551
316 11726
317 12286
318 11944
319 11728
320 12249
321 12079
322 11707
323 11939
324 12076
325 12217
326 11651
327 12238
328 12172
329 12322
330 12009
331 12378
332 12280
333 12536
334 12147
335 12616
336 12271
337 12732
338 12413
339 13098
340 12261
341 13000
342 12540
343 13145
344 12760
345 13152
346 12800
347 12938
348 12797
349 13075
350 13352
351 13314
352 13482
353 13785
354 13245
355 13546
356 13410
357 13287
358 13334
359 13913
360 13295
361 13237
362 13525
363 13645
364 13257
365 13042
366 13894
367 13937
368 13189
369 13941
370 13631
371 13904
372 14087
373 14066
374 13520
375 14547
376 13639
377 14091
378 14367
379 14187
380 14117
381 14147
382 14280
383 14002
384 13816
385 14467
386 14301
387 15045
388 14347
389 14768
390 14584
391 14609
392 14219
393 14324
394 14389
395 15289
396 14420
397 14285
398 14512
399 14842
