1 182
2 465
3 460
4 441
5 430
6 455
7 464
8 496
9 524
10 641
11 629
12 1138
13 1179
14 731
15 769
16 795
17 809
18 868
19 923
20 972
21 1011
22 1048
23 1072
24 1113
25 1158
26 1205
27 1252
28 1256
29 1361
30 1420
31 1480
32 1468
33 1508
34 1561
35 1623
36 1617
37 1640
38 1741
39 1725
40 1878
41 1937
42 1878
43 2041
44 1901
45 1924
46 2066
47 1991
48 2117
49 2155
50 2111
51 2281
52 2300
53 2440
54 2320
55 2298
56 2338
57 2476
58 2413
59 2474
60 2438
61 2615
62 2581
63 2621
64 2658
65 2730
66 2705
67 2819
68 2819
69 2819
70 2903
71 2907
72 2969
73 3106
74 2984
75 2995
76 3059
77 3152
78 3162
79 3181
80 3263
81 3336
82 3322
83 3353
84 3488
85 3387
86 3475
87 3444
88 3452
89 3508
90 3605
91 3577
92 3664
93 3588
94 3766
95 3765
96 3788
97 3847
98 3908
99 3926
100 3971
101 4100
102 3946
103 4043
104 4176
105 4118
106 4170
107 4318
108 4335
109 4310
110 4174
111 4388
112 4377
113 4296
114 4477
115 4459
116 4506
117 4487
118 4585
119 4564
120 4649
121 4560
122 4684
123 4697
124 4806
125 4798
126 4815
127 4856
128 4910
129 4989
130 4901
131 4954
132 5055
133 5120
134 5123
135 5143
136 5215
137 5151
138 5229
139 5253
140 5258
141 5277
142 5434
143 5440
144 5535
145 5413
146 5651
147 5895
148 5716
149 5753
150 5994
151 5765
152 5895
153 5767
154 5799
155 5854
156 5914
157 5884
158 5941
159 5965
160 6012
161 6125
162 6137
163 6154
164 6305
165 6237
166 6219
167 6216
168 6368
169 6304
170 6322
171 6286
172 6468
173 6312
174 6518
175 6486
176 6637
177 6623
178 6661
179 6628
180 6966
181 6796
182 6646
183 6819
184 6789
185 6867
186 6835
187 6918
188 6777
189 7011
190 7031
191 6991
192 7105
193 7100
194 7217
195 7171
196 7442
197 7257
198 7241
199 7337
200 7721
201 7720
202 7658
203 7680
204 7670
205 7701
206 7737
207 7890
208 7645
209 7867
210 7783
211 7936
212 7891
213 8098
214 8126
215 8028
216 8113
217 8152
218 8206
219 8258
220 8247
221 8266
222 8447
223 8375
224 8263
225 8426
226 8381
227 8338
228 8439
229 8298
230 8742
231 8578
232 8593
233 8733
234 8964
235 8939
236 8928
237 8915
238 8822
239 8901
240 8891
241 8772
242 8779
243 8869
244 8993
245 8862
246 9212
247 8987
248 9112
249 9021
250 9066
251 9137
252 9062
253 9199
254 9310
255 9332
256 9341
257 9411
258 9550
259 9376
260 9417
261 9605
262 9497
263 9428
264 9655
265 9763
266 9707
267 9606
268 10010
269 9922
270 9933
271 9971
272 10028
273 10099
274 9901
275 9959
276 9983
277 10033
278 10144
279 10190
280 10346
281 10203
282 10282
283 10082
284 10387
285 10177
286 10467
287 10291
288 10377
289 10563
290 10818
291 10346
292 10575
293 10742
294 10665
295 10664
296 10779
297 10738
298 10783
299 10901
300 10960
301 11093
302 11005
303 10886
304 11043
305 10923
306 10976
307 10989
308 11177
309 11304
310 11497
311 11114
312 11278
313 11226
314 11352
315 11292
316 11369
317 11456
318 11425
319 11540
320 11623
321 11589
322 11519
323 11451
324 11717
325 11728
326 11724
327 11591
328 11839
329 11882
330 11837
331 11661
332 11961
333 11733
334 12019
335 11930
336 12145
337 12062
338 12304
339 12131
340 12206
341 12146
342 12277
343 12301
344 12368
345 12241
346 12707
347 12668
348 12733
349 12565
350 12571
351 12543
352 12705
353 12569
354 12682
355 12720
356 13020
357 12681
358 12859
359 12753
360 12962
361 12829
362 12920
363 12882
364 13224
365 13086
366 13190
367 12943
368 13252
369 13182
370 13208
371 13057
372 13610
373 13407
374 13569
375 13353
376 13541
377 13382
378 13530
379 13362
380 13625
381 13604
382 13725
383 13665
384 13758
385 13737
386 13789
387 13842
388 14125
389 14095
390 14042
391 13723
392 14160
393 14110
394 14039
395 14110
396 14603
397 14379
398 14448
399 14502
