1 181
2 457
3 451
4 482
5 510
6 538
7 569
8 627
9 628
10 673
11 689
12 720
13 766
14 787
15 812
16 860
17 887
18 910
19 970
20 987
21 1108
22 1029
23 1067
24 1084
25 1221
26 1217
27 1169
28 1397
29 1232
30 1253
31 1411
32 1435
33 1491
34 1615
35 1555
36 1570
37 1506
38 1526
39 1692
40 1573
41 1878
42 1775
43 1954
44 1716
45 1944
46 1895
47 2039
48 1937
49 1995
50 1857
51 2146
52 1969
53 2168
54 2564
55 2218
56 2420
57 2332
58 2287
59 2387
60 2381
61 2403
62 2732
63 2744
64 2642
65 2495
66 2546
67 2849
68 2729
69 2597
70 2799
71 2706
72 2517
73 3254
74 3073
75 2913
76 3051
77 2716
78 2928
79 3043
80 2891
81 2911
82 3346
83 2785
84 3138
85 3325
86 3355
87 3258
88 3204
89 3272
90 3064
91 3276
92 3689
93 3540
94 3816
95 3764
96 3327
97 3473
98 3557
99 3992
100 3619
101 3613
102 3941
103 3864
104 3703
105 3973
106 3972
107 3744
108 4154
109 3898
110 4151
111 4429
112 4212
113 3989
114 4122
115 4459
116 3948
117 4467
118 4115
119 4600
120 4693
121 4008
122 4520
123 4645
124 4372
125 4522
126 4305
127 4868
128 4542
129 4712
130 4582
131 4851
132 4930
133 4611
134 4602
135 5081
136 5061
137 4639
138 4935
139 5234
140 4682
141 4689
142 5082
143 5371
144 5626
145 5197
146 5164
147 5435
148 4869
149 5229
150 5440
151 5523
152 5494
153 5177
154 5521
155 5782
156 5495
157 5384
158 5231
159 5760
160 5731
161 5844
162 6087
163 6020
164 5453
165 5408
166 5570
167 6070
168 6349
169 5988
170 6685
171 6012
172 5694
173 6374
174 6177
175 6314
176 6586
177 6650
178 6770
179 6582
180 5903
181 6555
182 6292
183 6725
184 7009
185 6817
186 6703
187 7069
188 6155
189 6572
190 6250
191 7128
192 7001
193 6262
194 7288
195 6698
196 7011
197 6510
198 7584
199 7239
200 6975
201 7172
202 7261
203 7386
204 7099
205 7668
206 6785
207 7579
208 7136
209 6902
210 7632
211 7772
212 7085
213 7084
214 7067
215 8043
216 7857
217 6988
218 8056
219 8086
220 7369
221 7189
222 7140
223 7900
224 8063
225 7944
226 7776
227 8275
228 7436
229 7711
230 7733
231 8505
232 7882
233 7468
234 7802
235 8055
236 7467
237 7889
238 7697
239 8881
240 8875
241 7771
242 8002
243 9039
244 8008
245 8161
246 8009
247 8942
248 8316
249 8469
250 9155
251 9251
252 8564
253 8439
254 8298
255 9229
256 8991
257 9330
258 9392
259 10006
260 9224
261 8597
262 8572
263 9691
264 8824
265 9349
266 9606
267 9669
268 8673
269 8891
270 9385
271 9347
272 9012
273 9085
274 9845
275 10162
276 9969
277 9265
278 8912
279 10412
280 9927
281 9842
282 9919
283 9497
284 11032
285 9871
286 9779
287 9930
288 10476
289 10127
290 10169
291 10921
292 10167
293 9708
294 9958
295 11132
296 10776
297 10116
298 10108
299 11130
300 10709
301 9913
302 11184
303 11583
304 10593
305 9972
306 10057
307 11009
308 10842
309 10411
310 10710
311 11156
312 10076
313 10615
314 10463
315 11900
316 11135
317 10298
318 10234
319 11026
320 11734
321 10220
322 10326
323 11117
324 11115
325 11631
326 11198
327 11822
328 10958
329 10416
330 10611
331 10942
332 10912
333 10553
334 10547
335 11772
336 11295
337 11053
338 10895
339 12640
340 11187
341 11265
342 12440
343 11612
344 12333
345 11517
346 12653
347 11861
348 12626
349 11252
350 12807
351 11262
352 12602
353 11660
354 12895
355 12152
356 12431
357 11690
358 12397
359 12192
360 12721
361 12331
362 13522
363 12439
364 13256
365 11787
366 13350
367 13276
368 13047
369 11951
370 13506
371 12797
372 13301
373 12203
374 13721
375 12610
376 13188
377 12255
378 13479
379 13128
380 13740
381 12412
382 13906
383 13098
384 13647
385 12854
386 13985
387 13343
388 13755
389 12677
390 14476
391 13309
392 14226
393 13160
394 14406
395 13347
396 13892
397 13090
398 14493
399 13379
