1 361
2 630
3 690
4 748
5 819
6 866
7 964
8 1046
9 1281
10 1266
11 1353
12 1402
13 1492
14 1593
15 1653
16 1736
17 1821
18 1967
19 2003
20 2120
21 2157
22 2237
23 2391
24 2500
25 2533
26 2870
27 3261
28 2986
29 2831
30 3042
31 3000
32 3082
33 3190
34 3257
35 3335
36 3510
37 3563
38 3632
39 3672
40 3764
41 4321
42 4431
43 4209
44 4152
45 4272
46 4288
47 4386
48 4448
49 4707
50 4663
51 4734
52 4873
53 5350
54 5582
55 5218
56 5270
57 5343
58 5297
59 5404
60 5493
61 5589
62 5708
63 6145
64 6534
65 6033
66 5940
67 6094
68 6156
69 6227
70 6342
71 6578
72 6945
73 7182
74 7085
75 6847
76 6877
77 6940
78 6985
79 7229
80 7643
81 7805
82 7611
83 7488
84 7502
85 7685
86 7730
87 8260
88 8419
89 8124
90 8447
91 8519
92 8319
93 8541
94 8720
95 9051
96 8737
97 8711
98 8726
99 8892
100 9216
101 9372
102 9509
103 9291
104 9280
105 9343
106 9765
107 9812
108 10057
109 9826
110 9811
111 9925
112 10121
113 10339
114 10626
115 10346
116 10277
117 10372
118 10637
119 10852
120 11176
121 10782
122 10854
123 11045
124 11356
125 11369
126 11422
127 11488
128 11488
129 11622
130 11833
131 13114
132 15695
133 13363
134 12940
135 12762
136 12247
137 13078
138 12266
139 12552
140 12625
141 13145
142 13021
143 12713
144 12950
145 13123
146 12995
147 13252
148 13235
149 13361
150 13637
151 13458
152 13761
153 13941
154 13656
155 13806
156 14147
157 14040
158 14045
159 14187
160 14354
161 14520
162 14477
163 14502
164 14812
165 14846
166 14781
167 14858
168 15174
169 15190
170 15029
171 15152
172 15533
173 15679
174 15599
175 15598
176 15896
177 16087
178 15741
179 16081
180 16248
181 16196
182 15987
183 16353
184 16530
185 16589
186 16472
187 16602
188 16794
189 16937
190 16835
191 16906
192 17039
193 17255
194 17190
195 17326
196 17471
197 17559
198 17671
199 17668
200 18012
201 17994
202 17877
203 17934
204 18124
205 18322
206 18153
207 18378
208 18533
209 18752
210 18660
211 18779
212 18860
213 18944
214 19209
215 19233
216 19199
217 19469
218 19477
219 19478
220 19726
221 19687
222 19847
223 19851
224 19933
225 20037
226 20161
227 20181
228 20219
229 20479
230 20379
231 20483
232 20791
233 20719
234 20742
235 20928
236 21034
237 21092
238 21396
239 21175
240 21311
241 21444
242 21432
243 21566
244 21755
245 21729
246 21767
247 21905
248 22073
249 22032
250 22199
251 22271
252 22550
253 22467
254 22532
255 22660
256 23279
257 28048
258 31658
259 47378
260 51025
261 41364
262 33453
263 33550
264 35552
265 33725
266 33671
267 33841
268 34064
269 34191
270 32044
271 29340
272 25092
273 26674
274 33839
275 35091
276 34990
277 34932
278 35014
279 34273
280 35567
281 37825
282 35938
283 37092
284 36546
285 39067
286 36692
287 37749
288 37571
289 37592
290 37328
291 35962
292 37418
293 37092
294 37013
295 38724
296 38585
297 39422
298 39079
299 38949
300 38146
301 37767
302 35991
303 32290
304 28493
305 28967
306 27441
307 27053
308 27527
309 27491
310 27506
311 27609
312 27793
313 27693
314 27881
315 28080
316 28059
317 28428
318 28587
319 28302
320 28559
321 28411
322 28561
323 28856
324 28639
325 29142
326 29275
327 29163
328 29444
329 29579
330 29728
331 29771
332 29966
333 29927
334 30058
335 30238
336 30217
337 30379
338 30555
339 30578
340 30482
341 30550
342 30613
343 30818
344 30920
345 30970
346 31030
347 31080
348 31262
349 31217
350 31413
351 31284
352 31635
353 31759
354 32673
355 31903
356 32423
357 32072
358 32103
359 32109
360 32323
361 32481
362 33003
363 32494
364 32788
365 32703
366 32866
367 33087
368 33108
369 34844
370 33176
371 33603
372 33282
373 36161
374 33856
375 40440
376 39923
377 36281
378 37658
379 35059
380 34108
381 34765
382 37002
383 34214
384 35781
385 34771
386 40045
387 37501
388 37247
389 37522
390 34708
391 35009
392 35252
393 35322
394 35343
395 35507
396 35228
397 35855
398 36605
399 35992
