2 362
3 632
4 679
5 680
6 784
7 860
8 969
9 1042
10 1808
11 1233
12 1318
13 1403
14 1485
15 1569
16 1651
17 1735
18 1820
19 2210
20 2057
21 2312
22 2156
23 2242
24 2654
25 2410
26 2685
27 3300
28 3039
29 2747
30 2832
31 2915
32 3004
33 3083
34 3166
35 3264
36 3335
37 3427
38 3765
39 3587
40 3679
41 3756
42 4550
43 4330
44 4016
45 4091
46 4182
47 4388
48 4461
49 4428
50 4511
51 4849
52 4681
53 4826
54 5503
55 5505
56 5016
57 5100
58 5269
59 5364
60 5367
61 5436
62 5524
63 5643
64 6496
65 6358
66 5860
67 5941
68 6041
69 6214
70 6198
71 6277
72 6606
73 7216
74 6959
75 6872
76 7036
77 6789
78 6985
79 6963
80 7035
81 7935
82 7639
83 7449
84 7374
85 7456
86 7634
87 7622
88 8573
89 8252
90 7886
91 8113
92 8046
93 8226
94 8227
95 9123
96 9179
97 8685
98 8769
99 8628
100 8833
101 9821
102 9833
103 9228
104 9060
105 9391
106 9233
107 10320
108 10103
109 10034
110 9573
111 9744
112 9727
113 10463
114 10585
115 10630
116 10061
117 10253
118 10223
119 10876
120 11077
121 11032
122 10578
123 10757
124 11230
125 11702
126 11448
127 10994
128 11163
129 11620
130 12075
131 11684
132 11690
133 14399
134 14486
135 12624
136 12287
137 11833
138 14159
139 12479
140 12985
141 12743
142 12261
143 12437
144 13105
145 13403
146 13155
147 12683
148 12855
149 13463
150 14083
151 13716
152 13583
153 13702
154 14891
155 13923
156 13424
157 14337
158 14459
159 13945
160 13766
161 14501
162 14648
163 14558
164 14345
165 14664
166 15150
167 14752
168 14672
169 15052
170 15353
171 15100
172 14768
173 15563
174 15844
175 15478
176 15106
177 15912
178 16209
179 15756
180 15441
181 16538
182 16535
183 16104
184 15776
185 16582
186 16962
187 16467
188 16761
189 16682
190 17208
191 16815
192 16693
193 17187
194 17372
195 17116
196 17034
197 17583
198 17883
199 17816
200 17121
201 17863
202 18292
203 17920
204 17561
205 18357
206 18420
207 18316
208 18061
209 18337
210 18911
211 18753
212 18513
213 19126
214 18584
215 19520
216 19505
217 19135
218 19741
219 19671
220 19416
221 19510
222 19874
223 19628
224 19768
225 20202
226 19876
227 20026
228 20262
229 19913
230 20495
231 20501
232 20209
233 20771
234 21008
235 20498
236 20908
237 21154
238 21100
239 21826
240 21435
241 20992
242 21516
243 21697
244 21628
245 21684
246 22110
247 21527
248 21893
249 22200
250 21818
251 22276
252 22410
253 22304
254 22383
255 22711
256 22382
257 22571
258 27566
259 32707
260 32000
261 62936
262 43588
263 32329
264 33853
265 33648
266 33453
267 33815
268 33738
269 34126
270 33947
271 33492
272 31719
273 23751
274 28913
275 35105
276 34728
277 34476
278 34626
279 35107
280 33241
281 37675
282 36195
283 35463
284 38613
285 35259
286 38621
287 34507
288 39806
289 36299
290 37804
291 36004
292 39283
293 36402
294 39415
295 36365
296 39503
297 37881
298 40531
299 38029
300 41068
301 39002
302 40099
303 38378
304 28559
305 27321
306 35966
307 27446
308 26945
309 27254
310 27736
311 28027
312 27035
313 28365
314 27832
315 27096
316 28522
317 28372
318 27624
319 28994
320 28195
321 28020
322 28578
323 28460
324 28644
325 28750
326 29745
327 29399
328 29352
329 29486
330 29800
331 29908
332 29547
333 29759
334 29895
335 29847
336 30723
337 30107
338 30213
339 30618
340 30305
341 30406
342 30503
343 30687
344 30649
345 30713
346 30899
347 30863
348 31248
349 31445
350 31291
351 31363
352 31185
353 31690
354 31420
355 32230
356 31624
357 34283
358 31763
359 32244
360 31936
361 32894
362 32226
363 32737
364 32220
365 32821
366 32886
367 32935
368 33064
369 33012
370 33386
371 32914
372 33388
373 33191
374 33428
375 33298
376 34772
377 33457
378 33851
379 33791
380 33765
381 34162
382 34367
383 34750
384 34363
385 34065
386 35095
387 41126
388 34927
389 41109
390 35833
391 34949
392 34886
393 35718
394 35051
395 35484
396 35600
397 35144
398 36386
399 35673
400 35893
