5 399
2 363
3 629
4 683
5 679
6 785
7 863
8 962
9 1042
10 1149
11 1241
12 1318
13 1405
14 1487
15 1570
16 1652
17 1737
18 1826
19 1906
20 1990
21 2072
22 2162
23 2233
24 2326
25 2502
26 2498
27 2951
28 3170
29 2963
30 2831
31 3074
32 2997
33 3084
34 3165
35 3258
36 3336
37 3681
38 3497
39 3587
40 3671
41 3756
42 4548
43 4312
44 4015
45 4092
46 4327
47 4262
48 4337
49 4531
50 5397
51 4594
52 4687
53 5126
54 5568
55 5153
56 5016
57 5921
58 5377
59 5276
60 5368
61 5722
62 5523
63 6055
64 6346
65 6392
66 5857
67 5941
68 6035
69 6109
70 6207
71 6505
72 6796
73 7030
74 6911
75 6837
76 6898
77 6943
78 7100
79 6975
80 7726
81 7794
82 7573
83 7288
84 7373
85 7457
86 7545
87 8058
88 8784
89 8016
90 8028
91 9927
92 10292
93 8588
94 9248
95 8508
96 8384
97 8668
98 8654
99 9001
100 9099
101 9605
102 9134
103 9085
104 9054
105 9144
106 9810
107 10133
108 9917
109 9508
110 9662
111 9654
112 10376
113 10497
114 10474
115 9983
116 10261
117 10151
118 10826
119 10997
120 10909
121 10487
122 10668
123 11014
124 11649
125 11339
126 10908
127 11102
128 11568
129 11979
130 11468
131 11723
132 13293
133 24365
134 12067
135 11963
136 11750
137 12530
138 14236
139 12474
140 12387
141 12172
142 12353
143 13773
144 12943
145 12813
146 12695
147 12673
148 13792
149 13315
150 13191
151 13166
152 13092
153 14202
154 13992
155 13346
156 13534
157 14060
158 14208
159 14250
160 13776
161 14294
162 14809
163 14595
164 14104
165 14741
166 14988
167 14897
168 14443
169 15162
170 15484
171 14999
172 14779
173 15487
174 15926
175 15338
176 15385
177 15968
178 17358
179 15714
180 15974
181 16163
182 16527
183 15982
184 16049
185 16511
186 16884
187 16575
188 16126
189 16665
190 17190
191 16962
192 16559
193 17031
194 17491
195 17252
196 16992
197 17469
198 17710
199 17625
200 17249
201 17902
202 18302
203 18317
204 17527
205 17960
206 18787
207 18136
208 18128
209 18645
210 18819
211 18978
212 18397
213 19039
214 19202
215 18794
216 19316
217 19436
218 19043
219 19494
220 19743
221 19911
222 19806
223 19968
224 19642
225 19984
226 20339
227 19788
228 20120
229 20656
230 20281
231 20393
232 20843
233 20322
234 20701
235 21127
236 20549
237 21294
238 21519
239 20826
240 21110
241 21657
242 21109
243 21383
244 21873
245 21585
246 21633
247 22153
248 21566
249 22046
250 22437
251 21853
252 22147
253 22615
254 22168
255 22637
256 23363
257 24643
258 32318
259 31708
260 52287
261 52466
262 33025
263 35258
264 33123
265 43503
266 33754
267 33321
268 34061
269 33763
270 34402
271 26464
272 23750
273 24864
274 24853
275 34288
276 35075
277 35548
278 34600
279 35108
280 34392
281 33969
282 39097
283 35250
284 38359
285 35020
286 46449
287 35347
288 38811
289 36240
290 38903
291 36090
292 39341
293 35975
294 37384
295 32952
296 41044
297 37983
298 39648
299 37993
300 36034
301 36925
302 37195
303 32224
304 27120
305 26338
306 27601
307 27766
308 26415
309 28099
310 27325
311 26994
312 28226
313 27622
314 27292
315 28633
316 27989
317 27116
318 28974
319 29352
320 27513
321 29343
322 28384
323 27904
324 29190
325 28864
326 29059
327 29477
328 29399
329 29261
330 29673
331 29754
332 29964
333 29676
334 29984
335 29874
336 30308
337 30161
338 30615
339 30115
340 30622
341 30246
342 30697
343 30550
344 31164
345 30943
346 31246
347 31141
348 31107
349 31273
350 31123
351 31560
352 31237
353 31469
354 31564
355 35412
356 31735
357 32115
358 31945
359 32090
360 31973
361 32094
362 32336
363 35189
364 32395
365 33520
366 32500
367 33112
368 33593
369 33206
370 32824
371 33187
372 33649
373 33467
374 46780
375 35678
376 66092
377 65899
378 46392
379 52825
380 39071
381 34797
382 36886
383 45480
384 34380
385 41146
386 34135
387 35216
388 34357
389 35096
390 34719
391 34872
392 34868
393 35161
394 35084
395 35660
396 35235
397 35394
398 35512
399 36248
400 35662
2 362
3 632
4 679
5 680
6 784
7 860
8 969
9 1042
10 1808
11 1233
12 1318
13 1403
14 1485
15 1569
16 1651
17 1735
18 1820
19 2210
20 2057
21 2312
22 2156
23 2242
24 2654
25 2410
26 2685
27 3300
28 3039
29 2747
30 2832
31 2915
32 3004
33 3083
34 3166
35 3264
36 3335
37 3427
38 3765
39 3587
40 3679
41 3756
42 4550
43 4330
44 4016
45 4091
46 4182
47 4388
48 4461
49 4428
50 4511
51 4849
52 4681
53 4826
54 5503
55 5505
56 5016
57 5100
58 5269
59 5364
60 5367
61 5436
62 5524
63 5643
64 6496
65 6358
66 5860
67 5941
68 6041
69 6214
70 6198
71 6277
72 6606
73 7216
74 6959
75 6872
76 7036
77 6789
78 6985
79 6963
80 7035
81 7935
82 7639
83 7449
84 7374
85 7456
86 7634
87 7622
88 8573
89 8252
90 7886
91 8113
92 8046
93 8226
94 8227
95 9123
96 9179
97 8685
98 8769
99 8628
100 8833
101 9821
102 9833
103 9228
104 9060
105 9391
106 9233
107 10320
108 10103
109 10034
110 9573
111 9744
112 9727
113 10463
114 10585
115 10630
116 10061
117 10253
118 10223
119 10876
120 11077
121 11032
122 10578
123 10757
124 11230
125 11702
126 11448
127 10994
128 11163
129 11620
130 12075
131 11684
132 11690
133 14399
134 14486
135 12624
136 12287
137 11833
138 14159
139 12479
140 12985
141 12743
142 12261
143 12437
144 13105
145 13403
146 13155
147 12683
148 12855
149 13463
150 14083
151 13716
152 13583
153 13702
154 14891
155 13923
156 13424
157 14337
158 14459
159 13945
160 13766
161 14501
162 14648
163 14558
164 14345
165 14664
166 15150
167 14752
168 14672
169 15052
170 15353
171 15100
172 14768
173 15563
174 15844
175 15478
176 15106
177 15912
178 16209
179 15756
180 15441
181 16538
182 16535
183 16104
184 15776
185 16582
186 16962
187 16467
188 16761
189 16682
190 17208
191 16815
192 16693
193 17187
194 17372
195 17116
196 17034
197 17583
198 17883
199 17816
200 17121
201 17863
202 18292
203 17920
204 17561
205 18357
206 18420
207 18316
208 18061
209 18337
210 18911
211 18753
212 18513
213 19126
214 18584
215 19520
216 19505
217 19135
218 19741
219 19671
220 19416
221 19510
222 19874
223 19628
224 19768
225 20202
226 19876
227 20026
228 20262
229 19913
230 20495
231 20501
232 20209
233 20771
234 21008
235 20498
236 20908
237 21154
238 21100
239 21826
240 21435
241 20992
242 21516
243 21697
244 21628
245 21684
246 22110
247 21527
248 21893
249 22200
250 21818
251 22276
252 22410
253 22304
254 22383
255 22711
256 22382
257 22571
258 27566
259 32707
260 32000
261 62936
262 43588
263 32329
264 33853
265 33648
266 33453
267 33815
268 33738
269 34126
270 33947
271 33492
272 31719
273 23751
274 28913
275 35105
276 34728
277 34476
278 34626
279 35107
280 33241
281 37675
282 36195
283 35463
284 38613
285 35259
286 38621
287 34507
288 39806
289 36299
290 37804
291 36004
292 39283
293 36402
294 39415
295 36365
296 39503
297 37881
298 40531
299 38029
300 41068
301 39002
302 40099
303 38378
304 28559
305 27321
306 35966
307 27446
308 26945
309 27254
310 27736
311 28027
312 27035
313 28365
314 27832
315 27096
316 28522
317 28372
318 27624
319 28994
320 28195
321 28020
322 28578
323 28460
324 28644
325 28750
326 29745
327 29399
328 29352
329 29486
330 29800
331 29908
332 29547
333 29759
334 29895
335 29847
336 30723
337 30107
338 30213
339 30618
340 30305
341 30406
342 30503
343 30687
344 30649
345 30713
346 30899
347 30863
348 31248
349 31445
350 31291
351 31363
352 31185
353 31690
354 31420
355 32230
356 31624
357 34283
358 31763
359 32244
360 31936
361 32894
362 32226
363 32737
364 32220
365 32821
366 32886
367 32935
368 33064
369 33012
370 33386
371 32914
372 33388
373 33191
374 33428
375 33298
376 34772
377 33457
378 33851
379 33791
380 33765
381 34162
382 34367
383 34750
384 34363
385 34065
386 35095
387 41126
388 34927
389 41109
390 35833
391 34949
392 34886
393 35718
394 35051
395 35484
396 35600
397 35144
398 36386
399 35673
400 35893
2 362
3 629
4 680
5 680
6 784
7 860
8 962
9 1066
10 1149
11 1389
12 1482
13 1404
14 1518
15 1570
16 1652
17 1736
18 1821
19 1907
20 1991
21 2073
22 2156
23 2234
24 2325
25 2410
26 2492
27 2942
28 3385
29 2963
30 2831
31 2915
32 2996
33 3079
34 3292
35 3250
36 3336
37 3417
38 3505
39 3815
40 3672
41 3797
42 4443
43 4308
44 4165
45 4090
46 4175
47 4263
48 4441
49 4429
50 4513
51 4593
52 4931
53 4887
54 5482
55 5359
56 5166
57 5121
58 5233
59 5268
60 5370
61 5437
62 5521
63 5622
64 6487
65 6194
66 5857
67 5941
68 6034
69 6108
70 6297
71 6278
72 6411
73 7545
74 7166
75 6816
76 6847
77 6782
78 6870
79 7061
80 7040
81 8253
82 7665
83 7295
84 7657
85 7454
86 7546
87 7716
88 8301
89 8529
90 7876
91 7959
92 8158
93 8135
94 8784
95 9173
96 9148
97 8474
98 8544
99 8742
100 8727
101 9042
102 9505
103 9944
104 9101
105 9260
106 9226
107 9407
108 10248
109 9926
110 9867
111 9661
112 10023
113 9820
114 10828
115 10493
116 10369
117 10151
118 10335
119 10326
120 11427
121 11290
122 10577
123 10759
124 10733
125 11474
126 11318
127 11546
128 11122
129 11275
130 11700
131 12160
132 14680
133 13640
134 12686
135 12925
136 13057
137 12458
138 11916
139 12106
140 12719
141 12927
142 13249
143 12906
144 12422
145 13128
146 13350
147 13260
148 12853
149 13142
150 13551
151 14016
152 13359
153 13309
154 13664
155 13784
156 14031
157 13906
158 14059
159 14077
160 14633
161 14172
162 14532
163 14389
164 14586
165 14730
166 14851
167 14641
168 15092
169 15174
170 15223
171 14946
172 15385
173 15506
174 15398
175 15469
176 15733
177 15841
178 15921
179 15848
180 16521
181 16099
182 16294
183 15975
184 16705
185 16431
186 16548
187 16278
188 16752
189 16837
190 16950
191 16782
192 16956
193 16831
194 17464
195 17215
196 17609
197 17154
198 17584
199 17451
200 18011
201 18355
202 17942
203 17640
204 18017
205 18010
206 18283
207 18277
208 18332
209 18587
210 19046
211 18525
212 19107
213 18625
214 19217
215 19194
216 18973
217 19320
218 19553
219 19174
220 19636
221 19643
222 19232
223 19720
224 20199
225 19640
226 19931
227 20463
228 19953
229 20196
230 20661
231 20138
232 20499
233 20964
234 20387
235 20735
236 21222
237 20666
238 20996
239 21919
240 20874
241 21516
242 21705
243 21112
244 21512
245 22020
246 21372
247 21791
248 22205
249 21688
250 22014
251 22473
252 21772
253 22331
254 22796
255 22171
256 22465
257 23080
258 29600
259 31630
260 57526
261 32238
262 31803
263 32983
264 33522
265 33303
266 33796
267 33652
268 33444
269 34106
270 34099
271 33800
272 33859
273 27722
274 24408
275 32096
276 35241
277 35030
278 35284
279 34920
280 34685
281 33867
282 39396
283 35183
284 34941
285 38867
286 35673
287 40055
288 34393
289 38929
290 36712
291 39374
292 36477
293 39287
294 35887
295 39750
296 35963
297 39849
298 37642
299 41108
300 39256
301 40288
302 36961
303 36798
304 37574
305 36048
306 27192
307 26970
308 27825
309 27671
310 26699
311 28010
312 27625
313 26931
314 28555
315 27859
316 26991
317 28856
318 28363
319 27554
320 29270
321 28534
322 27586
323 29950
324 28547
325 28172
326 29533
327 29126
328 28863
329 29753
330 29531
331 29610
332 29815
333 30349
334 30257
335 29895
336 30319
337 29907
338 30241
339 30358
340 30924
341 30736
342 30438
343 30618
344 30932
345 31263
346 30905
347 31002
348 31012
349 31066
350 31442
351 31347
352 31355
353 31549
354 31862
355 31898
356 31817
357 31968
358 32328
359 32287
360 32048
361 32388
362 32807
363 32557
364 32532
365 32768
366 32523
367 32975
368 32864
369 33201
370 32941
371 33432
372 33469
373 33125
374 33349
375 33570
376 33616
377 33421
378 33645
379 34284
380 34167
381 33964
382 34122
383 36961
384 34034
385 34354
386 34875
387 41558
388 37648
389 34600
390 39887
391 34714
392 35070
393 35344
394 35603
395 35216
396 35682
397 35111
398 35586
399 40252
400 35966
2 361
3 631
4 699
5 1020
6 785
7 889
8 969
9 1042
10 1151
11 1234
12 1317
13 1399
14 1485
15 1570
16 1659
17 1733
18 1820
19 1906
20 1990
21 2072
22 2161
23 2240
24 2325
25 2504
26 2499
27 2574
28 3352
29 3127
30 2832
31 3231
32 3005
33 3083
34 3166
35 3264
36 3335
37 3520
38 3545
39 3587
40 3670
41 3755
42 4115
43 4577
44 4422
45 4394
46 4504
47 4266
48 4351
49 4428
50 4606
51 4594
52 4684
53 4763
54 5214
55 5981
56 5459
57 5097
58 5507
59 5268
60 5368
61 5436
62 5746
63 5608
64 5702
65 6839
66 6296
67 5938
68 6326
69 6107
70 6244
71 6374
72 6357
73 6446
74 7507
75 7047
76 6751
77 6946
78 6876
79 6965
80 7135
81 7118
82 8101
83 7946
84 7373
85 7689
86 7538
87 7636
88 7809
89 8617
90 8506
91 7959
92 8047
93 8417
94 8227
95 8390
96 9242
97 8932
98 8722
99 8628
100 8982
101 8810
102 9178
103 9659
104 9685
105 9151
106 9220
107 9562
108 9400
109 10392
110 10019
111 9950
112 9774
113 9817
114 9908
115 11049
116 10513
117 10314
118 10241
119 10560
120 10445
121 11502
122 11047
123 10792
124 10874
125 11352
126 11702
127 11829
128 11616
129 11162
130 11514
131 11797
132 12303
133 12002
134 14114
135 15169
136 12366
137 12294
138 12367
139 12008
140 12443
141 12620
142 15180
143 12811
144 12413
145 12770
146 13220
147 13452
148 13207
149 13104
150 12933
151 13668
152 13932
153 13646
154 13514
155 13570
156 14201
157 14157
158 13606
159 13683
160 14616
161 14433
162 14099
163 14270
164 15139
165 15104
166 14428
167 14648
168 15363
169 15154
170 14710
171 14945
172 15635
173 15631
174 15062
175 15066
176 16251
177 15831
178 15398
179 15456
180 16594
181 16197
182 15734
183 15694
184 17014
185 16520
186 16057
187 16306
188 16994
189 16967
190 16408
191 16618
192 17515
193 17040
194 16771
195 17099
196 17840
197 17488
198 17383
199 17791
200 18410
201 17867
202 17571
203 17481
204 18542
205 18166
206 17931
207 17822
208 18869
209 18773
210 18093
211 18460
212 19085
213 18518
214 19019
215 19312
216 19031
217 19139
218 19575
219 19339
220 19381
221 19848
222 19613
223 20498
224 19910
225 19505
226 20325
227 20489
228 19939
229 20361
230 20567
231 20021
232 20644
233 20851
234 20420
235 20878
236 21161
237 20684
238 21071
239 21346
240 20895
241 21376
242 21593
243 21176
244 21585
245 21921
246 21445
247 21839
248 22077
249 21726
250 22141
251 22335
252 22443
253 22741
254 22646
255 22182
256 22621
257 23147
258 22566
259 29974
260 32945
261 61947
262 54576
263 33357
264 33435
265 33858
266 33636
267 34020
268 33807
269 34297
270 34456
271 33700
272 33130
273 24799
274 23934
275 32550
276 35169
277 35422
278 34927
279 34971
280 34871
281 33766
282 39022
283 35296
284 38574
285 34900
286 40182
287 34763
288 39483
289 37001
290 39621
291 35658
292 29050
293 36168
294 36320
295 36479
296 39449
297 36543
298 41262
299 37423
300 41932
301 38005
302 36710
303 37212
304 41090
305 26469
306 26475
307 27836
308 27410
309 26645
310 28067
311 27680
312 26934
313 28465
314 27810
315 27156
316 28449
317 28473
318 28040
319 28755
320 28759
321 27764
322 29128
323 28610
324 28696
325 28745
326 28964
327 29351
328 29168
329 29610
330 29394
331 29782
332 29628
333 29962
334 29752
335 30262
336 29999
337 30704
338 30522
339 30255
340 30731
341 30389
342 30639
343 30515
344 30790
345 30695
346 30866
347 31147
348 31051
349 31123
350 31186
351 31494
352 31388
353 31948
354 32095
355 32108
356 31941
357 31779
358 32209
359 31922
360 32266
361 32005
362 32534
363 32187
364 32712
365 32302
366 32894
367 32595
368 32943
369 33198
370 41872
371 33068
372 33882
373 32731
374 33938
375 32891
376 34304
377 33008
378 34132
379 33292
380 34344
381 33689
382 34565
383 33613
384 34160
385 34131
386 35427
387 40677
388 37659
389 34808
390 41791
391 34276
392 35372
393 35096
394 35479
395 35021
396 35709
397 34994
398 36259
399 35114
400 36477
2 361
3 630
4 713
5 681
6 959
7 861
8 962
9 1042
10 1150
11 1233
12 1332
13 1403
14 1487
15 1690
16 1652
17 1741
18 1820
19 1906
20 1990
21 2072
22 2152
23 2240
24 2326
25 2677
26 2492
27 2583
28 3360
29 3132
30 2832
31 3078
32 3000
33 3083
34 3165
35 3250
36 3335
37 3508
38 3503
39 3587
40 3670
41 3757
42 3951
43 4629
44 4427
45 4093
46 4175
47 4264
48 4342
49 4428
50 4512
51 4689
52 4689
53 4764
54 4985
55 5914
56 5436
57 5115
58 5331
59 5312
60 5550
61 5437
62 5632
63 5614
64 5696
65 6888
66 6296
67 5941
68 6035
69 6246
70 6191
71 6277
72 6721
73 6488
74 7370
75 7856
76 6707
77 6925
78 6869
79 6964
80 7211
81 7119
82 8048
83 8077
84 7665
85 7455
86 8163
87 7620
88 7833
89 8683
90 8325
91 8280
92 8053
93 8229
94 8219
95 8407
96 9305
97 8926
98 8868
99 8632
100 8819
101 8803
102 9213
103 9633
104 9555
105 9455
106 9227
107 9403
108 9393
109 10426
110 10012
111 10047
112 9727
113 10008
114 9900
115 10975
116 10529
117 10520
118 10235
119 10426
120 10405
121 11573
122 11044
123 10948
124 10741
125 10916
126 11472
127 11643
128 11973
129 11407
130 11354
131 11803
132 13606
133 14071
134 13464
135 12020
136 14354
137 12122
138 12716
139 12264
140 12228
141 12667
142 12684
143 13179
144 12685
145 12636
146 13197
147 12910
148 13554
149 13152
150 13049
151 13620
152 13327
153 13950
154 13648
155 13661
156 13840
157 14278
158 13868
159 14274
160 14145
161 14372
162 14515
163 14577
164 14338
165 14823
166 14817
167 14968
168 14723
169 15330
170 15180
171 15155
172 15195
173 15479
174 16165
175 16647
176 15517
177 15928
178 15551
179 15931
180 15878
181 16246
182 15894
183 16180
184 16223
185 16608
186 16496
187 16735
188 16377
189 16822
190 16931
191 16998
192 16809
193 17110
194 17179
195 17272
196 17156
197 17664
198 17237
199 17674
200 17553
201 18074
202 17863
203 18029
204 18027
205 18128
206 18189
207 18214
208 18504
209 18324
210 18892
211 18588
212 18797
213 18992
214 18702
215 19226
216 19340
217 18966
218 19435
219 19709
220 19215
221 19721
222 19914
223 19422
224 19737
225 20335
226 19716
227 20041
228 20634
229 19972
230 20393
231 20842
232 20223
233 21051
234 21080
235 20472
236 20801
237 21373
238 20775
239 21064
240 21562
241 21016
242 21301
243 21796
244 21233
245 21568
246 22087
247 21527
248 21784
249 22708
250 21754
251 22062
252 22586
253 22763
254 22342
255 22959
256 22473
257 22956
258 28193
259 32275
260 62132
261 45542
262 43832
263 33342
264 33819
265 33448
266 33986
267 33548
268 34157
269 34028
270 34055
271 32768
272 24242
273 24326
274 31264
275 35158
276 35245
277 34476
278 35225
279 34965
280 34178
281 38559
282 35418
283 38499
284 34977
285 38686
286 34412
287 38792
288 36254
289 39388
290 34921
291 39515
292 35659
293 39258
294 36456
295 39522
296 37661
297 40669
298 38028
299 40844
300 36455
301 36514
302 37874
303 35347
304 27109
305 26289
306 27603
307 27188
308 26670
309 27967
310 27629
311 26821
312 28227
313 27586
314 26978
315 28662
316 28452
317 27478
318 29142
319 28283
320 27777
321 29134
322 28381
323 27882
324 29207
325 28664
326 28412
327 29026
328 29035
329 29110
330 29501
331 29587
332 29902
333 30084
334 29749
335 30413
336 29841
337 30208
338 30307
339 31433
340 30311
341 30633
342 30474
343 30699
344 30558
345 30988
346 30938
347 30998
348 30983
349 31405
350 31047
351 31304
352 31257
353 31519
354 31854
355 31720
356 32402
357 31970
358 32116
359 31976
360 32322
361 32237
362 32504
363 32347
364 32613
365 32532
366 32715
367 32715
368 32974
369 32924
370 33199
371 33282
372 33630
373 33896
374 33313
375 33843
376 33416
377 33834
378 33387
379 34101
380 33952
381 33931
382 33886
383 34210
384 34137
385 35212
386 34323
387 41649
388 42918
389 40624
390 35381
391 34730
392 34853
393 34942
394 35393
395 35334
396 35312
397 35497
398 35536
399 35742
400 35964
