2 362
3 629
4 680
5 680
6 784
7 860
8 962
9 1066
10 1149
11 1389
12 1482
13 1404
14 1518
15 1570
16 1652
17 1736
18 1821
19 1907
20 1991
21 2073
22 2156
23 2234
24 2325
25 2410
26 2492
27 2942
28 3385
29 2963
30 2831
31 2915
32 2996
33 3079
34 3292
35 3250
36 3336
37 3417
38 3505
39 3815
40 3672
41 3797
42 4443
43 4308
44 4165
45 4090
46 4175
47 4263
48 4441
49 4429
50 4513
51 4593
52 4931
53 4887
54 5482
55 5359
56 5166
57 5121
58 5233
59 5268
60 5370
61 5437
62 5521
63 5622
64 6487
65 6194
66 5857
67 5941
68 6034
69 6108
70 6297
71 6278
72 6411
73 7545
74 7166
75 6816
76 6847
77 6782
78 6870
79 7061
80 7040
81 8253
82 7665
83 7295
84 7657
85 7454
86 7546
87 7716
88 8301
89 8529
90 7876
91 7959
92 8158
93 8135
94 8784
95 9173
96 9148
97 8474
98 8544
99 8742
100 8727
101 9042
102 9505
103 9944
104 9101
105 9260
106 9226
107 9407
108 10248
109 9926
110 9867
111 9661
112 10023
113 9820
114 10828
115 10493
116 10369
117 10151
118 10335
119 10326
120 11427
121 11290
122 10577
123 10759
124 10733
125 11474
126 11318
127 11546
128 11122
129 11275
130 11700
131 12160
132 14680
133 13640
134 12686
135 12925
136 13057
137 12458
138 11916
139 12106
140 12719
141 12927
142 13249
143 12906
144 12422
145 13128
146 13350
147 13260
148 12853
149 13142
150 13551
151 14016
152 13359
153 13309
154 13664
155 13784
156 14031
157 13906
158 14059
159 14077
160 14633
161 14172
162 14532
163 14389
164 14586
165 14730
166 14851
167 14641
168 15092
169 15174
170 15223
171 14946
172 15385
173 15506
174 15398
175 15469
176 15733
177 15841
178 15921
179 15848
180 16521
181 16099
182 16294
183 15975
184 16705
185 16431
186 16548
187 16278
188 16752
189 16837
190 16950
191 16782
192 16956
193 16831
194 17464
195 17215
196 17609
197 17154
198 17584
199 17451
200 18011
201 18355
202 17942
203 17640
204 18017
205 18010
206 18283
207 18277
208 18332
209 18587
210 19046
211 18525
212 19107
213 18625
214 19217
215 19194
216 18973
217 19320
218 19553
219 19174
220 19636
221 19643
222 19232
223 19720
224 20199
225 19640
226 19931
227 20463
228 19953
229 20196
230 20661
231 20138
232 20499
233 20964
234 20387
235 20735
236 21222
237 20666
238 20996
239 21919
240 20874
241 21516
242 21705
243 21112
244 21512
245 22020
246 21372
247 21791
248 22205
249 21688
250 22014
251 22473
252 21772
253 22331
254 22796
255 22171
256 22465
257 23080
258 29600
259 31630
260 57526
261 32238
262 31803
263 32983
264 33522
265 33303
266 33796
267 33652
268 33444
269 34106
270 34099
271 33800
272 33859
273 27722
274 24408
275 32096
276 35241
277 35030
278 35284
279 34920
280 34685
281 33867
282 39396
283 35183
284 34941
285 38867
286 35673
287 40055
288 34393
289 38929
290 36712
291 39374
292 36477
293 39287
294 35887
295 39750
296 35963
297 39849
298 37642
299 41108
300 39256
301 40288
302 36961
303 36798
304 37574
305 36048
306 27192
307 26970
308 27825
309 27671
310 26699
311 28010
312 27625
313 26931
314 28555
315 27859
316 26991
317 28856
318 28363
319 27554
320 29270
321 28534
322 27586
323 29950
324 28547
325 28172
326 29533
327 29126
328 28863
329 29753
330 29531
331 29610
332 29815
333 30349
334 30257
335 29895
336 30319
337 29907
338 30241
339 30358
340 30924
341 30736
342 30438
343 30618
344 30932
345 31263
346 30905
347 31002
348 31012
349 31066
350 31442
351 31347
352 31355
353 31549
354 31862
355 31898
356 31817
357 31968
358 32328
359 32287
360 32048
361 32388
362 32807
363 32557
364 32532
365 32768
366 32523
367 32975
368 32864
369 33201
370 32941
371 33432
372 33469
373 33125
374 33349
375 33570
376 33616
377 33421
378 33645
379 34284
380 34167
381 33964
382 34122
383 36961
384 34034
385 34354
386 34875
387 41558
388 37648
389 34600
390 39887
391 34714
392 35070
393 35344
394 35603
395 35216
396 35682
397 35111
398 35586
399 40252
400 35966
