2 369
3 636
4 681
5 701
6 740
7 830
8 920
9 992
10 1129
11 1175
12 1354
13 1327
14 1795
15 1534
16 1665
17 1787
18 1812
19 1970
20 2443
21 2097
22 2438
23 2306
24 2424
25 2545
26 2658
27 3248
28 3295
29 2970
30 3049
31 3356
32 3170
33 3487
34 3706
35 3400
36 3594
37 3675
38 3677
39 3982
40 4128
41 4657
42 4583
43 4420
44 4341
45 4366
46 4621
47 4972
48 4881
49 4775
50 5083
51 5053
52 5923
53 5716
54 5398
55 5577
56 5865
57 5529
58 5972
59 5864
60 5984
61 6699
62 6508
63 6450
64 6543
65 6467
66 6432
67 6867
68 6658
69 7647
70 7460
71 6949
72 7339
73 7339
74 7357
75 7314
76 7810
77 8170
78 8329
79 7736
80 7868
81 8398
82 8121
83 8435
84 8914
85 8914
86 8301
87 8651
88 8847
89 8727
90 9077
91 9369
92 9504
93 9117
94 9330
95 9546
96 9478
97 10414
98 9985
99 10113
100 9820
101 10265
102 10100
103 11436
104 10701
105 10662
106 12867
107 12476
108 12447
109 11167
110 10890
111 10909
112 11068
113 12460
114 12175
115 12341
116 11612
117 11459
118 12694
119 12546
120 12090
121 12029
122 12574
123 12965
124 12862
125 13034
126 12622
127 12743
128 13863
129 13058
130 13054
131 12961
132 13298
133 14344
134 13620
135 13950
136 13477
137 13880
138 14676
139 14099
140 14006
141 14795
142 14956
143 15222
144 14484
145 14695
146 15559
147 14958
148 15367
149 15486
150 15957
151 15114
152 15429
153 16157
154 16649
155 15951
156 15480
157 16521
158 16531
159 15701
160 16102
161 16220
162 17305
163 16725
164 16124
165 17009
166 17400
167 16702
168 16639
169 17234
170 17667
171 17675
172 17404
173 17877
174 18058
175 17632
176 18289
177 18023
178 18423
179 17939
180 17997
181 18261
182 18733
183 18548
184 19263
185 19337
186 19137
187 19190
188 19626
189 19449
190 19744
191 19793
192 19503
193 20748
194 20623
195 19626
196 19617
197 21145
198 19854
199 20638
200 21002
201 20443
202 21057
203 21021
204 20752
205 20843
206 21843
207 20997
208 21141
209 21711
210 21176
211 21438
212 21986
213 21666
214 21921
215 22346
216 22029
217 21939
218 22819
219 22342
220 22362
221 23168
222 22505
223 23132
224 23728
225 22462
226 23725
227 23083
228 23108
229 25032
230 24431
231 25051
232 31712
233 32676
234 32312
235 32366
236 32140
237 32522
238 28395
239 24911
240 24569
241 25506
242 25109
243 24855
244 25375
245 24694
246 24934
247 25582
248 25149
249 26776
250 26016
251 26176
252 26426
253 26298
254 25779
255 26222
256 27003
257 26444
258 26153
259 26552
260 26629
261 27124
262 26954
263 26541
264 26510
265 27599
266 28026
267 27356
268 29614
269 32831
270 27912
271 28462
272 29004
273 28047
274 28011
275 28578
276 28224
277 29368
278 29830
279 28829
280 29133
281 29208
282 29498
283 28851
284 29544
285 29384
286 29228
287 29872
288 30752
289 30000
290 30122
291 29718
292 29993
293 30574
294 30248
295 30189
296 30392
297 30958
298 32913
299 31403
300 30910
301 30838
302 32326
303 30781
304 31640
305 32231
306 32350
307 31366
308 32376
309 31386
310 32976
311 32598
312 32217
313 32671
314 32729
315 32180
316 33243
317 32717
318 33196
319 33483
320 33349
321 33379
322 32987
323 34422
324 33787
325 34034
326 33726
327 34813
328 33740
329 34128
330 34142
331 34535
332 34273
333 34312
334 34813
335 34954
336 35037
337 35449
338 35727
339 35512
340 35740
341 35255
342 35344
343 35498
344 36785
345 35861
346 38159
347 63149
348 49677
349 50797
350 51416
351 48124
352 49621
353 50602
354 36578
355 36861
356 37250
357 36966
358 37503
359 37867
360 37577
361 37774
362 38066
363 41038
364 45928
365 40840
366 44896
367 39913
368 37205
369 39414
370 37839
371 38426
372 38839
373 39016
374 37924
375 38837
376 40540
377 40181
378 39373
379 39657
380 39950
381 39634
382 39747
383 40589
384 39947
385 40657
386 40054
387 39492
388 39844
389 40850
390 40777
391 41432
392 40823
393 45657
394 41104
395 42165
396 42708
397 52002
398 60234
399 58909
400 58693
