2 362
3 641
4 682
5 661
6 739
7 826
8 1381
9 1003
10 1112
11 1379
12 1316
13 1419
14 1630
15 1579
16 1700
17 1776
18 1996
19 1965
20 2056
21 2128
22 2204
23 2294
24 2365
25 2552
26 2530
27 3200
28 3037
29 2787
30 2867
31 3290
32 3159
33 3116
34 3234
35 3305
36 3358
37 3543
38 3526
39 3614
40 3700
41 3795
42 4687
43 4349
44 4021
45 4111
46 4476
47 4273
48 4361
49 4453
50 4513
51 4603
52 4791
53 4839
54 5618
55 5337
56 5010
57 5100
58 5456
59 5273
60 5343
61 5427
62 5611
63 5604
64 6451
65 6323
66 5836
67 5983
68 6254
69 6094
70 6166
71 6393
72 6341
73 7209
74 7059
75 6607
76 6675
77 7011
78 6824
79 6956
80 7107
81 7860
82 7576
83 7418
84 7338
85 7422
86 7494
87 7578
88 8220
89 8215
90 8167
91 8142
92 7997
93 8329
94 8147
95 8802
96 9025
97 8641
98 8628
99 8600
100 8930
101 9280
102 9277
103 9216
104 9377
105 9077
106 10993
107 13502
108 11885
109 12342
110 10100
111 9576
112 10060
113 9727
114 10484
115 10587
116 10438
117 11820
118 10779
119 10649
120 11262
121 10774
122 10656
123 11069
124 11182
125 11591
126 11055
127 10969
128 10974
129 11789
130 11830
131 11641
132 11485
133 11374
134 12186
135 12280
136 11896
137 11703
138 11876
139 12757
140 13130
141 12455
142 12165
143 12305
144 13075
145 13134
146 12901
147 12836
148 12715
149 13559
150 13577
151 13285
152 12949
153 13081
154 14121
155 14054
156 13538
157 13499
158 14180
159 14336
160 14032
161 13805
162 14225
163 14960
164 14332
165 14077
166 14779
167 15263
168 14537
169 14509
170 14985
171 15693
172 14861
173 14817
174 15444
175 15889
176 15212
177 15241
178 15699
179 16611
180 15523
181 15473
182 16078
183 16825
184 15867
185 15814
186 16509
187 16928
188 16332
189 16148
190 16700
191 17253
192 16649
193 16403
194 16907
195 17590
196 16889
197 17298
198 17396
199 17980
200 17886
201 17136
202 17866
203 18210
204 17555
205 17470
206 18240
207 18423
208 18117
209 18085
210 18848
211 18523
212 18175
213 18805
214 18863
215 18633
216 19324
217 18916
218 19114
219 19591
220 18959
221 19248
222 19784
223 19389
224 19638
225 19938
226 19608
227 19881
228 20179
229 19895
230 20114
231 20510
232 22208
233 20380
234 20675
235 20467
236 20647
237 20969
238 21038
239 21037
240 21331
241 21171
242 21093
243 21495
244 21287
245 24749
246 30911
247 31463
248 31318
249 31550
250 31587
251 32177
252 31914
253 47368
254 32691
255 31940
256 22310
257 22317
258 23734
259 22978
260 23155
261 23521
262 23175
263 23000
264 23712
265 23233
266 23502
267 23968
268 23754
269 23605
270 24389
271 23709
272 23768
273 24540
274 24298
275 24120
276 24803
277 24193
278 24980
279 25192
280 25161
281 25455
282 25623
283 28087
284 29825
285 26692
286 24863
287 25153
288 26323
289 25759
290 26586
291 26703
292 26487
293 26007
294 26594
295 26489
296 26059
297 26643
298 26937
299 26365
300 27559
301 26882
302 27369
303 27782
304 27265
305 27554
306 27937
307 27591
308 27465
309 28714
310 28648
311 27634
312 28960
313 28000
314 27958
315 28803
316 28897
317 28967
318 29121
319 29651
320 30092
321 30167
322 29552
323 30109
324 29850
325 30060
326 33398
327 39176
328 30959
329 30538
330 30699
331 30832
332 30418
333 30811
334 31058
335 31335
336 31171
337 31139
338 32169
339 31747
340 31682
341 31542
342 31805
343 32517
344 32536
345 32674
346 33014
347 32349
348 32507
349 32670
350 32509
351 33126
352 33852
353 33362
354 33439
355 34087
356 33113
357 34446
358 33873
359 34073
360 33490
361 34808
362 34996
363 34516
364 35026
365 34466
366 34563
367 35313
368 34949
369 34665
370 35243
371 36302
372 35846
373 35458
374 36092
375 35922
376 35712
377 36283
378 35843
379 36453
380 36230
381 36552
382 36438
383 36765
384 36954
385 36778
386 44038
387 42620
388 42019
389 38276
390 37510
391 38374
392 38063
393 38021
394 37933
395 38143
396 38315
397 38232
398 38611
399 38798
400 39399
