2 363
3 632
4 747
5 682
6 755
7 835
8 935
9 1003
10 1072
11 1159
12 1285
13 1316
14 1784
15 1559
16 1748
17 1730
18 1913
19 1959
20 2039
21 2218
22 2406
23 2407
24 2460
25 2451
26 2662
27 3420
28 3330
29 3263
30 3031
31 3183
32 3277
33 3362
34 3699
35 3521
36 3527
37 3689
38 3688
39 3981
40 4000
41 4499
42 4869
43 4692
44 4323
45 4370
46 4621
47 4856
48 4750
49 5000
50 5065
51 5192
52 5589
53 5974
54 5878
55 5659
56 5531
57 5699
58 5985
59 5784
60 6037
61 6629
62 6895
63 6543
64 6399
65 6714
66 6601
67 6969
68 6708
69 7273
70 7697
71 7372
72 7427
73 7404
74 7475
75 7785
76 7508
77 8289
78 8414
79 7787
80 8209
81 8088
82 8033
83 8635
84 9425
85 9068
86 8498
87 8998
88 8462
89 9190
90 11282
91 9653
92 9691
93 9219
94 11199
95 9429
96 10282
97 10631
98 11834
99 9750
100 10292
101 10239
102 10981
103 13431
104 11938
105 13902
106 12165
107 11047
108 11721
109 11218
110 11043
111 10955
112 13143
113 12154
114 11700
115 11627
116 11636
117 12077
118 12630
119 12470
120 12279
121 11852
122 12801
123 13107
124 12964
125 12281
126 12458
127 13308
128 13300
129 15017
130 13145
131 13408
132 13998
133 14137
134 13010
135 15418
136 14179
137 14397
138 13555
139 14163
140 16016
141 15785
142 14350
143 16621
144 14826
145 14845
146 16284
147 15855
148 16347
149 16298
150 15289
151 17651
152 15960
153 15540
154 17277
155 16035
156 16372
157 16217
158 15565
159 18210
160 16760
161 17998
162 16133
163 16693
164 18816
165 16680
166 16633
167 18054
168 18347
169 18522
170 17191
171 19507
172 18046
173 19412
174 18139
175 20218
176 18068
177 19556
178 19013
179 18068
180 20671
181 18746
182 18614
183 18871
184 20935
185 18867
186 21357
187 19075
188 20359
189 20058
190 20926
191 20018
192 20752
193 20442
194 21116
195 20986
196 20645
197 21413
198 22056
199 21155
200 22175
201 21433
202 22359
203 21072
204 23132
205 21387
206 23053
207 21502
208 22067
209 21767
210 23472
211 21982
212 24444
213 22147
214 24140
215 23629
216 23081
217 23646
218 22723
219 23011
220 22457
221 22701
222 23701
223 22773
224 23214
225 23424
226 22956
227 26710
228 39562
229 31099
230 33875
231 31929
232 35557
233 32536
234 25184
235 23140
236 24710
237 24710
238 24435
239 24629
240 25314
241 24384
242 25102
243 25532
244 24691
245 24759
246 25689
247 25656
248 25733
249 25379
250 27761
251 25819
252 26791
253 25920
254 26193
255 27132
256 25593
257 26937
258 28810
259 28273
260 27624
261 28775
262 27072
263 31976
264 33660
265 29300
266 27657
267 28450
268 28846
269 28687
270 28517
271 30015
272 27398
273 27879
274 30996
275 27831
276 28427
277 28849
278 28331
279 29634
280 28943
281 29044
282 29611
283 29707
284 30135
285 29726
286 29613
287 30033
288 29682
289 30325
290 31513
291 29676
292 30509
293 30851
294 31018
295 30805
296 31159
297 31893
298 31035
299 30810
300 31227
301 31383
302 31248
303 31299
304 31621
305 31644
306 31680
307 31865
308 31534
309 32462
310 31641
311 33163
312 32275
313 32495
314 31708
315 33756
316 32575
317 33483
318 31919
319 34439
320 33104
321 33242
322 33306
323 33997
324 33587
325 34201
326 33950
327 34310
328 34576
329 34047
330 34276
331 35272
332 34778
333 35337
334 34562
335 34571
336 35477
337 34706
338 35466
339 35890
340 35207
341 36061
342 35149
343 36189
344 35745
345 35519
346 35750
347 36866
348 36318
349 36659
350 36461
351 37025
352 35701
353 36801
354 36706
355 36871
356 37303
357 38403
358 37434
359 36842
360 37195
361 38145
362 44188
363 40204
364 40214
365 38912
366 38070
367 38156
368 38532
369 37860
370 38394
371 38060
372 39130
373 38928
374 39377
375 39834
376 39580
377 39770
378 39771
379 39134
380 38829
381 39885
382 40227
383 40329
384 40219
385 40831
386 40416
387 39817
388 40626
389 41322
390 40939
391 40298
392 46194
393 40967
394 42499
395 41591
396 41044
397 41427
398 50329
399 57880
400 60055
