2 362
3 641
4 684
5 661
6 740
7 825
8 913
9 1002
10 1110
11 1255
12 1331
13 1549
14 1486
15 1594
16 1686
17 1783
18 2019
19 1973
20 2164
21 2127
22 2317
23 2295
24 2366
25 2467
26 2529
27 3145
28 3369
29 2788
30 2862
31 2951
32 3028
33 3115
34 3288
35 3283
36 3359
37 3460
38 3524
39 3615
40 3687
41 3777
42 4498
43 4335
44 4332
45 4112
46 4209
47 4280
48 4552
49 4439
50 4514
51 4609
52 4687
53 4994
54 5382
55 5347
56 5312
57 5101
58 5174
59 5272
60 5439
61 5437
62 5508
63 5710
64 6478
65 6179
66 5837
67 6303
68 6022
69 6094
70 6261
71 6293
72 6333
73 7415
74 6905
75 6592
76 7062
77 6956
78 6826
79 7056
80 7004
81 8038
82 7589
83 7246
84 7355
85 7425
86 7495
87 7792
88 8227
89 8197
90 8065
91 7906
92 8290
93 8083
94 8271
95 8701
96 8956
97 8825
98 8592
99 8819
100 8657
101 9467
102 9107
103 9417
104 9244
105 9075
106 9403
107 10457
108 11200
109 12707
110 9873
111 9938
112 9654
113 9824
114 10255
115 11529
116 11402
117 10416
118 10143
119 10794
120 10545
121 11053
122 10728
123 10861
124 11094
125 11096
126 11272
127 11288
128 10963
129 11778
130 11377
131 11749
132 11833
133 11380
134 12581
135 11811
136 12326
137 12090
138 11824
139 12382
140 12217
141 12683
142 12556
143 12239
144 13062
145 12661
146 13076
147 14402
148 16734
149 13003
150 13437
151 13260
152 13068
153 13810
154 13409
155 13781
156 13656
157 13718
158 14075
159 14154
160 13866
161 14333
162 14293
163 14350
164 14436
165 14601
166 14332
167 14765
168 14654
169 14960
170 14774
171 15440
172 15028
173 15208
174 15147
175 15677
176 15371
177 15517
178 15472
179 15963
180 15721
181 15947
182 15888
183 16507
184 15997
185 16159
186 16145
187 16768
188 16347
189 16679
190 16325
191 17091
192 16789
193 17037
194 17190
195 17117
196 17021
197 17727
198 17427
199 17658
200 17378
201 17553
202 17736
203 18646
204 18207
205 18182
206 18038
207 18064
208 17991
209 18579
210 18168
211 21179
212 23589
213 22977
214 18500
215 18618
216 19546
217 19088
218 18679
219 19505
220 19117
221 18764
222 20010
223 19557
224 19050
225 20359
226 19761
227 19173
228 20541
229 20046
230 19535
231 20940
232 20281
233 19927
234 21154
235 20526
236 19909
237 21237
238 21004
239 20384
240 21452
241 21227
242 20494
243 21767
244 21508
245 20805
246 22945
247 32267
248 31021
249 60151
250 44544
251 40619
252 34310
253 33287
254 33667
255 33737
256 33805
257 33965
258 33357
259 28157
260 23276
261 22477
262 24014
263 23294
264 22623
265 32074
266 35853
267 35683
268 35237
269 35196
270 34916
271 34989
272 39684
273 35974
274 39176
275 34945
276 39848
277 37868
278 37959
279 34868
280 39497
281 35938
282 39946
283 32170
284 27110
285 25810
286 36605
287 39171
288 39067
289 38385
290 38537
291 37567
292 38449
293 38644
294 29806
295 27248
296 25894
297 27249
298 27347
299 26102
300 27516
301 27504
302 26561
303 27733
304 27512
305 26426
306 28643
307 27593
308 27981
309 28525
310 27837
311 27374
312 28864
313 28507
314 29273
315 29816
316 30068
317 29902
318 29146
319 30021
320 29195
321 29794
322 30679
323 29738
324 30859
325 30755
326 30342
327 31340
328 30882
329 30958
330 30648
331 30652
332 31307
333 31182
334 31604
335 30882
336 31703
337 31776
338 31783
339 31736
340 31920
341 31555
342 32607
343 31767
344 33453
345 33349
346 33276
347 32572
348 33451
349 32702
350 33045
351 33548
352 34474
353 35001
354 34456
355 33621
356 34167
357 34242
358 34744
359 34339
360 34689
361 34418
362 35453
363 34745
364 34956
365 35305
366 34904
367 36068
368 35557
369 35290
370 35834
371 36483
372 35727
373 36188
374 36739
375 39570
376 40636
377 37444
378 43321
379 37427
380 37101
381 36762
382 37833
383 37677
384 39728
385 37455
386 37911
387 38081
388 38292
389 38789
390 38785
391 38606
392 38336
393 38815
394 38594
395 39323
396 39336
397 38991
398 39437
399 39677
400 39797
