2 183
3 517
4 452
5 394
6 430
7 442
8 459
9 503
10 522
11 613
12 643
13 1124
14 1160
15 738
16 741
17 783
18 812
19 865
20 901
21 1002
22 979
23 999
24 1097
25 1094
26 1136
27 1184
28 1308
29 1233
30 1349
31 1399
32 1491
33 1475
34 1535
35 1500
36 1639
37 1564
38 1700
39 1767
40 1687
41 1999
42 2237
43 2014
44 2255
45 1964
46 1941
47 2076
48 2039
49 2135
50 2303
51 2216
52 2396
53 2267
54 2464
55 2377
56 2345
57 2424
58 2606
59 2444
60 2566
61 2478
62 2718
63 2620
64 2563
65 2733
66 2800
67 2684
68 2889
69 2773
70 2807
71 2926
72 2794
73 2863
74 3359
75 2937
76 2958
77 3002
78 3172
79 3208
80 3270
81 3306
82 3356
83 3301
84 3207
85 3650
86 3447
87 3486
88 3499
89 3319
90 3586
91 3595
92 3607
93 3721
94 3733
95 4038
96 3757
97 3847
98 3921
99 3911
100 3853
101 3981
102 4370
103 4004
104 4293
105 4285
106 4186
107 4282
108 4176
109 4384
110 4421
111 4186
112 4534
113 4237
114 4125
115 4473
116 4462
117 4576
118 4531
119 4641
120 4536
121 4864
122 4533
123 4795
124 4685
125 4863
126 4824
127 4875
128 5124
129 5084
130 4944
131 5031
132 5046
133 5121
134 5112
135 5179
136 5238
137 5248
138 5122
139 5324
140 5301
141 5411
142 5382
143 5639
144 5486
145 5494
146 5294
147 5595
148 5638
149 5547
150 5695
151 5769
152 5780
153 5757
154 5579
155 5876
156 5770
157 5952
158 5971
159 5940
160 6071
161 6033
162 6140
163 6210
164 6143
165 6363
166 6375
167 6089
168 6290
169 6422
170 6363
171 6377
172 6339
173 6257
174 6500
175 6584
176 6588
177 6593
178 6715
179 6679
180 6740
181 7077
182 6887
183 6527
184 6825
185 6818
186 7066
187 6984
188 6995
189 6684
190 7075
191 7034
192 7359
193 7094
194 7132
195 7238
196 6916
197 7252
198 7328
199 7075
200 7426
201 8483
202 8527
203 8031
204 7980
205 7983
206 8199
207 8220
208 8356
209 7681
210 8074
211 7857
212 8161
213 8088
214 8520
215 8430
216 8205
217 8239
218 8377
219 8416
220 8741
221 8299
222 8572
223 8409
224 8332
225 8192
226 8507
227 8256
228 8370
229 8221
230 8304
231 8627
232 8571
233 8464
234 9159
235 9084
236 9326
237 8958
238 9186
239 8979
240 9268
241 8594
242 8923
243 8729
244 8979
245 9053
246 9110
247 9229
248 9098
249 9134
250 9159
251 8972
252 9351
253 9163
254 9291
255 9299
256 9402
257 9237
258 9438
259 9655
260 9265
261 9501
262 9697
263 9596
264 9396
265 9733
266 9743
267 9702
268 9710
269 10533
270 10039
271 10208
272 10035
273 10228
274 10195
275 10025
276 9968
277 9994
278 9956
279 10183
280 10168
281 10424
282 10295
283 10327
284 10096
285 10458
286 10273
287 10653
288 10009
289 10517
290 10573
291 10803
292 9994
293 10660
294 10679
295 10744
296 10798
297 10841
298 10474
299 10899
300 10874
301 11011
302 10720
303 11117
304 10700
305 11049
306 10723
307 11108
308 11121
309 11297
310 11275
311 11445
312 11286
313 11279
314 11034
315 11553
316 11251
317 11305
318 11587
319 11255
320 11238
321 11742
322 11725
323 11339
324 11196
325 11822
326 11898
327 11838
328 11506
329 12074
330 11670
331 11956
332 11549
333 12117
334 11619
335 12152
336 11787
337 12413
338 12022
339 12458
340 11893
341 12426
342 12025
343 12486
344 12371
345 12503
346 12136
347 12775
348 12377
349 12686
350 12314
351 12728
352 12465
353 12878
354 12278
355 12797
356 12592
357 13302
358 12368
359 12953
360 12751
361 13209
362 12688
363 12943
364 12676
365 13451
366 12954
367 13383
368 12687
369 13383
370 12775
371 13327
372 12893
373 13950
374 13291
375 14052
376 13114
377 13709
378 13264
379 13760
380 13259
381 13976
382 13516
383 13813
384 13488
385 13967
386 13709
387 14051
388 13659
389 14352
390 14023
391 14287
392 13237
393 14405
394 13696
395 14146
396 13925
397 15375
398 14373
399 14944
400 14427
