2 362
3 641
4 703
5 662
6 739
7 830
8 927
9 1003
10 1121
11 1249
12 1319
13 1410
14 1631
15 1577
16 1719
17 1825
18 1879
19 2131
20 2046
21 2127
22 2204
23 2408
24 2368
25 2457
26 2562
27 2774
28 3217
29 3467
30 2938
31 3022
32 3029
33 3115
34 3191
35 3457
36 3361
37 3452
38 3524
39 3614
40 3813
41 3776
42 4072
43 4489
44 4235
45 4409
46 4202
47 4273
48 4385
49 4541
50 4515
51 4608
52 4687
53 4983
54 5365
55 5324
56 5010
57 5403
58 5178
59 5284
60 5342
61 5531
62 5508
63 5616
64 6607
65 6173
66 5837
67 5948
68 6014
69 6087
70 6165
71 6366
72 6345
73 7209
74 7141
75 6607
76 6684
77 6870
78 6826
79 7110
80 7020
81 7859
82 7735
83 7274
84 7326
85 7668
86 7500
87 7676
88 8045
89 8283
90 8206
91 7927
92 8258
93 8081
94 8147
95 8785
96 8959
97 8787
98 8597
99 8587
100 8891
101 8849
102 9398
103 9287
104 9402
105 9075
106 9262
107 10824
108 11083
109 12105
110 9923
111 9577
112 10120
113 9722
114 10419
115 10588
116 12248
117 10061
118 10520
119 10580
120 11015
121 10817
122 10792
123 10570
124 11418
125 11656
126 11049
127 11127
128 10982
129 11741
130 11827
131 11735
132 11300
133 11922
134 11946
135 12266
136 12033
137 11708
138 11886
139 12441
140 12988
141 12456
142 12116
143 12306
144 12744
145 13434
146 12857
147 12565
148 12708
149 13188
150 13757
151 13269
152 13186
153 13423
154 13858
155 13930
156 13674
157 13483
158 13747
159 14712
160 14007
161 13739
162 14342
163 14901
164 14193
165 14283
166 14650
167 14963
168 14828
169 14491
170 15017
171 15380
172 15212
173 14798
174 15252
175 15802
176 15605
177 15119
178 15556
179 16175
180 15839
181 15489
182 15992
183 16427
184 16164
185 15774
186 16306
187 19652
188 16676
189 16388
190 16752
191 17375
192 16585
193 16588
194 17030
195 17693
196 16972
197 16666
198 17471
199 17937
200 17325
201 17174
202 17584
203 19073
204 18133
205 17555
206 18135
207 18548
208 18054
209 17730
210 18504
211 18827
212 18461
213 18913
214 19049
215 18658
216 19026
217 19477
218 19132
219 19248
220 19690
221 19092
222 19436
223 19986
224 19546
225 19721
226 20304
227 19622
228 19897
229 20492
230 19802
231 20310
232 20670
233 19975
234 20412
235 20901
236 20486
237 20617
238 21088
239 20824
240 20921
241 21333
242 20957
243 21202
244 21728
245 21661
246 22797
247 30436
248 75102
249 30869
250 33357
251 32245
252 33415
253 32494
254 34614
255 32566
256 35143
257 32862
258 34876
259 26542
260 22473
261 23910
262 23273
263 25394
264 36770
265 34083
266 37620
267 33994
268 37269
269 37094
270 39201
271 34721
272 37303
273 33943
274 37225
275 35223
276 38243
277 34201
278 37146
279 35043
280 38247
281 35183
282 34097
283 27102
284 36974
285 37359
286 35991
287 37274
288 36884
289 35920
290 35763
291 38169
292 30985
293 28867
294 25697
295 27757
296 26900
297 25455
298 27862
299 26848
300 26046
301 27596
302 27485
303 26016
304 27939
305 27209
306 26708
307 28718
308 27905
309 26931
310 28439
311 28119
312 27451
313 28892
314 29033
315 28689
316 29830
317 29353
318 29069
319 29208
320 28768
321 29340
322 30384
323 29286
324 30598
325 30429
326 30350
327 30135
328 30809
329 30602
330 30312
331 30892
332 31049
333 30867
334 31196
335 31024
336 31190
337 30946
338 31700
339 30967
340 31833
341 31023
342 32201
343 31272
344 33145
345 32470
346 32877
347 32325
348 33329
349 32071
350 33180
351 32821
352 34090
353 32762
354 34645
355 32945
356 33676
357 34078
358 34042
359 33916
360 33935
361 33956
362 35245
363 33994
364 34853
365 34403
366 34909
367 35040
368 35003
369 34647
370 35333
371 35502
372 35567
373 35105
374 36313
375 35466
376 36304
377 49480
378 36715
379 38479
380 40926
381 36151
382 36741
383 36278
384 37763
385 36379
386 37330
387 37918
388 50726
389 50417
390 38213
391 38174
392 37699
393 38170
394 37973
395 38143
396 38295
397 38660
398 38482
399 38882
400 38828
