2 362
3 640
4 765
5 658
6 739
7 834
8 1032
9 1003
10 1118
11 1242
12 1313
13 1410
14 1486
15 1583
16 2012
17 1803
18 1996
19 1971
20 2043
21 2127
22 2204
23 2294
24 2366
25 2453
26 2623
27 2839
28 3282
29 2999
30 2863
31 2951
32 3351
33 3116
34 3194
35 3283
36 3366
37 3540
38 3525
39 3615
40 3693
41 3779
42 4472
43 4326
44 4236
45 4113
46 4186
47 4578
48 4348
49 4475
50 4514
51 4700
52 4689
53 4775
54 5413
55 5461
56 5010
57 5101
58 5176
59 5558
60 5343
61 5435
62 5602
63 5618
64 6486
65 6311
66 5837
67 6031
68 6402
69 6408
70 6166
71 6275
72 6443
73 7184
74 6903
75 6915
76 6682
77 6810
78 7044
79 6918
80 7019
81 7956
82 7577
83 7669
84 7325
85 7421
86 7748
87 7581
88 8047
89 8420
90 8061
91 8080
92 8013
93 8330
94 8148
95 8646
96 9189
97 8636
98 8642
99 8625
100 8642
101 9181
102 9082
103 9544
104 9258
105 10200
106 10978
107 11945
108 11811
109 9845
110 9476
111 9706
112 9651
113 9990
114 10635
115 10509
116 10096
117 10236
118 10136
119 10478
120 11149
121 11037
122 10466
123 10673
124 10745
125 11223
126 11573
127 11138
128 11104
129 11044
130 11845
131 11910
132 11811
133 11377
134 11564
135 12261
136 12545
137 12100
138 11794
139 12100
140 12404
141 13052
142 12551
143 12199
144 12391
145 12807
146 13237
147 13008
148 12605
149 12814
150 13547
151 13598
152 13780
153 13152
154 16021
155 15446
156 13964
157 13384
158 13670
159 14288
160 14233
161 14224
162 13866
163 14360
164 14943
165 14546
166 14510
167 14869
168 15334
169 14773
170 14458
171 15539
172 15666
173 15123
174 15017
175 15436
176 16092
177 15288
178 15211
179 15849
180 16342
181 15638
182 15578
183 16202
184 16641
185 15947
186 15954
187 16552
188 17472
189 16408
190 16072
191 16832
192 17339
193 16851
194 16529
195 17212
196 17674
197 17088
198 16923
199 17663
200 17696
201 17544
202 17166
203 18075
204 18190
205 17725
206 17698
207 18302
208 18619
209 18130
210 18304
211 18421
212 18348
213 19415
214 18314
215 18872
216 19195
217 18907
218 19474
219 19712
220 18822
221 19347
222 19710
223 19399
224 19575
225 19815
226 19689
227 20119
228 20699
229 19764
230 20265
231 20607
232 20044
233 20522
234 20772
235 20346
236 20839
237 21004
238 20544
239 21019
240 21336
241 20755
242 21191
243 21497
244 21131
245 24111
246 30145
247 31041
248 31326
249 31895
250 31543
251 32179
252 32789
253 33304
254 32219
255 32659
256 32131
257 32422
258 28004
259 22615
260 22887
261 23632
262 23554
263 22993
264 24916
265 33558
266 34500
267 34635
268 34815
269 34016
270 33535
271 41322
272 35354
273 36747
274 39561
275 42247
276 37510
277 33535
278 39302
279 35823
280 38664
281 33625
282 25547
283 31031
284 36269
285 38958
286 34961
287 35984
288 36923
289 37404
290 37784
291 37387
292 40829
293 36229
294 38921
295 32717
296 27508
297 26757
298 26947
299 31247
300 26566
301 26862
302 27542
303 26779
304 27405
305 28045
306 27856
307 27411
308 30281
309 27876
310 27169
311 28652
312 31679
313 32158
314 29702
315 29358
316 30970
317 32866
318 29881
319 31995
320 29050
321 30889
322 32117
323 34258
324 33710
325 33691
326 31678
327 31894
328 32858
329 34101
330 32595
331 33495
332 33995
333 34781
334 34267
335 32877
336 34656
337 35136
338 34502
339 34407
340 32836
341 33769
342 35036
343 34693
344 36008
345 34822
346 33584
347 35903
348 32808
349 35434
350 35069
351 34294
352 36132
353 37054
354 33219
355 36396
356 34642
357 36049
358 33915
359 34178
360 33762
361 34424
362 34820
363 34423
364 34687
365 34913
366 34622
367 35063
368 35006
369 34974
370 35485
371 35557
372 35410
373 36130
374 45002
375 36470
376 40356
377 36738
378 35877
379 36922
380 36295
381 36305
382 36702
383 36442
384 37055
385 37300
386 37384
387 38237
388 39763
389 50388
390 69342
391 49636
392 54940
393 50819
394 55996
395 51890
396 53375
397 43902
398 39429
399 42331
400 45222
