2 363
3 629
4 683
5 679
6 785
7 863
8 962
9 1042
10 1149
11 1241
12 1318
13 1405
14 1487
15 1570
16 1652
17 1737
18 1826
19 1906
20 1990
21 2072
22 2162
23 2233
24 2326
25 2502
26 2498
27 2951
28 3170
29 2963
30 2831
31 3074
32 2997
33 3084
34 3165
35 3258
36 3336
37 3681
38 3497
39 3587
40 3671
41 3756
42 4548
43 4312
44 4015
45 4092
46 4327
47 4262
48 4337
49 4531
50 5397
51 4594
52 4687
53 5126
54 5568
55 5153
56 5016
57 5921
58 5377
59 5276
60 5368
61 5722
62 5523
63 6055
64 6346
65 6392
66 5857
67 5941
68 6035
69 6109
70 6207
71 6505
72 6796
73 7030
74 6911
75 6837
76 6898
77 6943
78 7100
79 6975
80 7726
81 7794
82 7573
83 7288
84 7373
85 7457
86 7545
87 8058
88 8784
89 8016
90 8028
91 9927
92 10292
93 8588
94 9248
95 8508
96 8384
97 8668
98 8654
99 9001
100 9099
101 9605
102 9134
103 9085
104 9054
105 9144
106 9810
107 10133
108 9917
109 9508
110 9662
111 9654
112 10376
113 10497
114 10474
115 9983
116 10261
117 10151
118 10826
119 10997
120 10909
121 10487
122 10668
123 11014
124 11649
125 11339
126 10908
127 11102
128 11568
129 11979
130 11468
131 11723
132 13293
133 24365
134 12067
135 11963
136 11750
137 12530
138 14236
139 12474
140 12387
141 12172
142 12353
143 13773
144 12943
145 12813
146 12695
147 12673
148 13792
149 13315
150 13191
151 13166
152 13092
153 14202
154 13992
155 13346
156 13534
157 14060
158 14208
159 14250
160 13776
161 14294
162 14809
163 14595
164 14104
165 14741
166 14988
167 14897
168 14443
169 15162
170 15484
171 14999
172 14779
173 15487
174 15926
175 15338
176 15385
177 15968
178 17358
179 15714
180 15974
181 16163
182 16527
183 15982
184 16049
185 16511
186 16884
187 16575
188 16126
189 16665
190 17190
191 16962
192 16559
193 17031
194 17491
195 17252
196 16992
197 17469
198 17710
199 17625
200 17249
201 17902
202 18302
203 18317
204 17527
205 17960
206 18787
207 18136
208 18128
209 18645
210 18819
211 18978
212 18397
213 19039
214 19202
215 18794
216 19316
217 19436
218 19043
219 19494
220 19743
221 19911
222 19806
223 19968
224 19642
225 19984
226 20339
227 19788
228 20120
229 20656
230 20281
231 20393
232 20843
233 20322
234 20701
235 21127
236 20549
237 21294
238 21519
239 20826
240 21110
241 21657
242 21109
243 21383
244 21873
245 21585
246 21633
247 22153
248 21566
249 22046
250 22437
251 21853
252 22147
253 22615
254 22168
255 22637
256 23363
257 24643
258 32318
259 31708
260 52287
261 52466
262 33025
263 35258
264 33123
265 43503
266 33754
267 33321
268 34061
269 33763
270 34402
271 26464
272 23750
273 24864
274 24853
275 34288
276 35075
277 35548
278 34600
279 35108
280 34392
281 33969
282 39097
283 35250
284 38359
285 35020
286 46449
287 35347
288 38811
289 36240
290 38903
291 36090
292 39341
293 35975
294 37384
295 32952
296 41044
297 37983
298 39648
299 37993
300 36034
301 36925
302 37195
303 32224
304 27120
305 26338
306 27601
307 27766
308 26415
309 28099
310 27325
311 26994
312 28226
313 27622
314 27292
315 28633
316 27989
317 27116
318 28974
319 29352
320 27513
321 29343
322 28384
323 27904
324 29190
325 28864
326 29059
327 29477
328 29399
329 29261
330 29673
331 29754
332 29964
333 29676
334 29984
335 29874
336 30308
337 30161
338 30615
339 30115
340 30622
341 30246
342 30697
343 30550
344 31164
345 30943
346 31246
347 31141
348 31107
349 31273
350 31123
351 31560
352 31237
353 31469
354 31564
355 35412
356 31735
357 32115
358 31945
359 32090
360 31973
361 32094
362 32336
363 35189
364 32395
365 33520
366 32500
367 33112
368 33593
369 33206
370 32824
371 33187
372 33649
373 33467
374 46780
375 61489098285807943
376 66092
377 65899
378 46392
379 52825
380 39071
381 34797
382 36886
383 45480
384 34380
385 41146
386 34135
387 35216
388 34357
389 35096
390 34719
391 34872
392 34868
393 35161
394 35084
395 35660
396 35235
397 35394
398 35512
399 36248
400 35662
