2 183
3 517
4 461
5 482
6 427
7 455
8 463
9 552
10 582
11 600
12 614
13 653
14 704
15 688
16 709
17 744
18 784
19 844
20 896
21 870
22 1085
23 1015
24 1135
25 1119
26 1109
27 1169
28 1154
29 1187
30 1218
31 1401
32 1260
33 1421
34 1403
35 1445
36 1380
37 1937
38 1490
39 1990
40 2297
41 1597
42 1738
43 1712
44 2258
45 1994
46 2252
47 1889
48 1899
49 2366
50 1865
51 2333
52 2053
53 2665
54 2760
55 2636
56 2071
57 2480
58 2672
59 2554
60 2803
61 2314
62 3090
63 2924
64 2310
65 3233
66 2605
67 2808
68 2887
69 3021
70 3285
71 2685
72 3170
73 3158
74 3147
75 3034
76 3359
77 2880
78 2817
79 3328
80 3508
81 3017
82 3502
83 3923
84 3114
85 3550
86 3577
87 3597
88 3190
89 3222
90 3757
91 3296
92 3797
93 4024
94 3351
95 3705
96 3898
97 3939
98 3784
99 3997
100 4122
101 3633
102 4124
103 4336
104 3890
105 4411
106 4616
107 4273
108 4210
109 4046
110 3990
111 4946
112 3948
113 4312
114 4066
115 4093
116 4698
117 4114
118 4236
119 4306
120 4291
121 4744
122 5292
123 4408
124 4697
125 4309
126 4504
127 4610
128 5394
129 5081
130 4477
131 4780
132 4714
133 5252
134 5365
135 5414
136 4967
137 5226
138 5552
139 5015
140 5574
141 5336
142 5424
143 5005
144 5071
145 5253
146 5375
147 5622
148 5846
149 5357
150 5452
151 5411
152 5436
153 5749
154 6226
155 5925
156 6097
157 5544
158 5455
159 5483
160 6290
161 5774
162 6036
163 5871
164 6134
165 6296
166 5874
167 6296
168 5995
169 6055
170 6777
171 6028
172 6161
173 6196
174 6991
175 6339
176 6740
177 6170
178 6440
179 6441
180 6388
181 6488
182 6422
183 6292
184 6528
185 6588
186 7037
187 6635
188 6472
189 6624
190 7551
191 6735
192 7119
193 7378
194 7079
195 7066
196 7209
197 6896
198 6973
199 7522
200 6835
201 7875
202 6886
203 7737
204 7419
205 7614
206 7400
207 8061
208 7894
209 7409
210 8079
211 8156
212 7334
213 7723
214 7428
215 7875
216 8424
217 7577
218 7785
219 7827
220 7833
221 7764
222 8041
223 8294
224 8528
225 7799
226 7727
227 8310
228 9035
229 8632
230 8089
231 9213
232 8213
233 8252
234 9167
235 8538
236 8198
237 9067
238 8331
239 8441
240 9113
241 8631
242 8437
243 9217
244 8629
245 8472
246 9718
247 8917
248 8883
249 9466
250 8953
251 9165
252 10062
253 9375
254 8819
255 10066
256 9157
257 10047
258 9177
259 8990
260 9524
261 9846
262 9405
263 9801
264 9418
265 9841
266 10875
267 9489
268 10467
269 10452
270 10160
271 10148
272 9520
273 10628
274 9913
275 9709
276 10254
277 10229
278 10148
279 10288
280 10346
281 10068
282 10218
283 10557
284 10830
285 10613
286 10824
287 10178
288 10273
289 11415
290 10515
291 10837
292 10173
293 10792
294 11329
295 10563
296 11631
297 10906
298 11005
299 11051
300 11072
301 10858
302 11927
303 10976
304 11531
305 11171
306 11486
307 11755
308 11309
309 12075
310 11157
311 11377
312 11163
313 11726
314 11514
315 11466
316 11968
317 12283
318 12274
319 11995
320 11846
321 12254
322 11759
323 11540
324 11761
325 11867
326 12024
327 11886
328 11864
329 11982
330 11970
331 12007
332 12394
333 11745
334 13205
335 12050
336 13045
337 11876
338 13140
339 12230
340 12505
341 11950
342 13311
343 12218
344 13108
345 12404
346 13979
347 12513
348 12741
349 12383
350 13304
351 12494
352 13131
353 12407
354 14081
355 12840
356 13908
357 12876
358 13645
359 12961
360 13337
361 13067
362 14192
363 13106
364 13218
365 12737
366 13021
367 13271
368 14359
369 13172
370 15288
371 13640
372 13925
373 13307
374 13692
375 13384
376 14649
377 13423
378 15041
379 13939
380 13489
381 13645
382 14204
383 14214
384 14026
385 13562
386 15617
387 14161
388 15105
389 13833
390 14814
391 13808
392 14308
393 13763
394 15115
395 14334
396 14572
397 14201
398 14254
399 14379
400 14650
