2 181
3 513
4 452
5 485
6 512
7 538
8 570
9 685
10 630
11 702
12 689
13 720
14 768
15 784
16 811
17 847
18 909
19 899
20 986
21 976
22 1086
23 1036
24 1083
25 1086
26 1167
27 1146
28 1166
29 1491
30 1233
31 1261
32 1620
33 1327
34 1521
35 1725
36 1429
37 1798
38 1489
39 1551
40 1948
41 1577
42 2033
43 1643
44 2104
45 1696
46 2189
47 1740
48 2290
49 1787
50 1839
51 1860
52 2117
53 2088
54 1942
55 2690
56 2006
57 2034
58 2117
59 2126
60 2253
61 2228
62 2150
63 2559
64 2894
65 2875
66 2281
67 2317
68 3074
69 3050
70 3036
71 2668
72 2456
73 2484
74 3264
75 2642
76 3013
77 3405
78 2592
79 2723
80 2795
81 2857
82 2948
83 2855
84 2768
85 2894
86 3170
87 3236
88 3801
89 3108
90 3847
91 3016
92 3237
93 3214
94 3481
95 3291
96 3205
97 3436
98 3865
99 3288
100 4144
101 4248
102 3560
103 3805
104 4369
105 3821
106 3800
107 4530
108 4023
109 3620
110 3843
111 4353
112 3827
113 3837
114 3639
115 4122
116 3667
117 4048
118 4406
119 4195
120 3882
121 4121
122 4120
123 4377
124 4024
125 4310
126 4889
127 4209
128 4120
129 4586
130 4428
131 4614
132 4273
133 4808
134 4668
135 4660
136 4501
137 4870
138 4614
139 4805
140 4444
141 4731
142 4708
143 5176
144 4614
145 5787
146 5749
147 5094
148 4729
149 4875
150 4940
151 5163
152 4796
153 5955
154 5096
155 6021
156 4912
157 5882
158 5720
159 5184
160 5074
161 6368
162 5325
163 5364
164 5096
165 5335
166 5363
167 5573
168 5438
169 6782
170 5474
171 6865
172 5499
173 5952
174 6555
175 5998
176 5469
177 6459
178 7193
179 7122
180 5584
181 5999
182 6647
183 6032
184 5747
185 7262
186 5973
187 6811
188 6099
189 5978
190 7268
191 6077
192 6079
193 6574
194 6377
195 7461
196 5950
197 7118
198 6876
199 7648
200 6383
201 7125
202 6718
203 6964
204 6406
205 6601
206 6897
207 6837
208 6322
209 7352
210 7085
211 6863
212 6623
213 7053
214 6793
215 6670
216 6720
217 7943
218 7082
219 7142
220 6817
221 7293
222 7298
223 7193
224 6751
225 7910
226 7433
227 7662
228 7028
229 7579
230 7528
231 7907
232 7288
233 8022
234 7626
235 7599
236 7098
237 7391
238 7606
239 7656
240 7507
241 8806
242 7919
243 8200
244 7867
245 8112
246 7961
247 7969
248 7567
249 8326
250 8121
251 9052
252 7884
253 8119
254 8170
255 8194
256 7964
257 9728
258 8363
259 8671
260 9517
261 10406
262 9719
263 8397
264 8149
265 8485
266 10193
267 8847
268 8240
269 8797
270 10322
271 9569
272 8185
273 8707
274 10451
275 10547
276 8458
277 8951
278 10744
279 8885
280 10970
281 10352
282 11210
283 9463
284 9242
285 10945
286 10365
287 8996
288 9495
289 9553
290 11024
291 9551
292 11474
293 11547
294 9617
295 11107
296 11517
297 10794
298 9622
299 9456
300 10166
301 11794
302 9801
303 10676
304 11202
305 10499
306 9818
307 9781
308 10471
309 10932
310 11509
311 11331
312 10752
313 10237
314 10012
315 10168
316 12463
317 10910
318 9913
319 10197
320 10470
321 11807
322 10285
323 10301
324 10964
325 10575
326 10549
327 12070
328 11719
329 10845
330 10290
331 10796
332 11362
333 10749
334 10404
335 10387
336 11444
337 11167
338 10481
339 10828
340 12552
341 11134
342 13024
343 10674
344 13360
345 10530
346 13538
347 10826
348 13665
349 10653
350 12814
351 11139
352 11360
353 10530
354 13564
355 11347
356 13901
357 10577
358 13483
359 11619
360 14055
361 10902
362 15400
363 12481
364 13857
365 11272
366 13281
367 11511
368 14596
369 11311
370 13669
371 11643
372 14386
373 11275
374 13960
375 11717
376 14436
377 11378
378 13766
379 11776
380 14879
381 11401
382 14002
383 11853
384 14941
385 11634
386 14904
387 12044
388 14872
389 11770
390 14435
391 12006
392 15206
393 11883
394 15256
395 12323
396 15426
397 11953
398 14883
399 12349
400 15059
