2 361
3 631
4 699
5 1020
6 785
7 889
8 969
9 1042
10 1151
11 1234
12 1317
13 1399
14 1485
15 1570
16 1659
17 1733
18 1820
19 1906
20 1990
21 2072
22 2161
23 2240
24 2325
25 2504
26 2499
27 2574
28 3352
29 3127
30 2832
31 3231
32 3005
33 3083
34 3166
35 3264
36 3335
37 3520
38 3545
39 3587
40 3670
41 3755
42 4115
43 4577
44 4422
45 4394
46 4504
47 4266
48 4351
49 4428
50 4606
51 4594
52 4684
53 4763
54 5214
55 5981
56 5459
57 5097
58 5507
59 5268
60 5368
61 5436
62 5746
63 5608
64 5702
65 6839
66 6296
67 5938
68 6326
69 6107
70 6244
71 6374
72 6357
73 6446
74 7507
75 7047
76 6751
77 6946
78 6876
79 6965
80 7135
81 7118
82 8101
83 7946
84 7373
85 7689
86 7538
87 7636
88 7809
89 8617
90 8506
91 7959
92 8047
93 8417
94 8227
95 8390
96 9242
97 8932
98 8722
99 8628
100 8982
101 8810
102 9178
103 9659
104 9685
105 9151
106 9220
107 9562
108 9400
109 10392
110 10019
111 9950
112 9774
113 9817
114 9908
115 11049
116 10513
117 10314
118 10241
119 10560
120 10445
121 11502
122 11047
123 10792
124 10874
125 11352
126 11702
127 11829
128 11616
129 11162
130 11514
131 11797
132 12303
133 12002
134 14114
135 15169
136 12366
137 12294
138 12367
139 12008
140 12443
141 12620
142 15180
143 12811
144 12413
145 12770
146 13220
147 13452
148 13207
149 13104
150 12933
151 13668
152 13932
153 13646
154 13514
155 13570
156 14201
157 14157
158 13606
159 13683
160 14616
161 14433
162 14099
163 14270
164 15139
165 15104
166 14428
167 14648
168 15363
169 15154
170 14710
171 14945
172 15635
173 15631
174 15062
175 15066
176 16251
177 15831
178 15398
179 15456
180 16594
181 16197
182 15734
183 15694
184 17014
185 16520
186 16057
187 16306
188 16994
189 16967
190 16408
191 16618
192 17515
193 17040
194 16771
195 17099
196 17840
197 17488
198 17383
199 17791
200 18410
201 17867
202 17571
203 17481
204 18542
205 18166
206 17931
207 17822
208 18869
209 18773
210 18093
211 18460
212 19085
213 18518
214 19019
215 19312
216 19031
217 19139
218 19575
219 19339
220 19381
221 19848
222 19613
223 20498
224 19910
225 19505
226 20325
227 20489
228 19939
229 20361
230 20567
231 20021
232 20644
233 20851
234 20420
235 20878
236 21161
237 20684
238 21071
239 21346
240 20895
241 21376
242 21593
243 21176
244 21585
245 21921
246 21445
247 21839
248 22077
249 21726
250 22141
251 22335
252 22443
253 22741
254 22646
255 22182
256 22621
257 23147
258 22566
259 29974
260 32945
261 61947
262 54576
263 33357
264 33435
265 33858
266 33636
267 34020
268 33807
269 34297
270 34456
271 33700
272 33130
273 24799
274 23934
275 32550
276 35169
277 35422
278 34927
279 34971
280 34871
281 33766
282 39022
283 35296
284 38574
285 34900
286 40182
287 34763
288 39483
289 37001
290 39621
291 35658
292 29050
293 36168
294 36320
295 36479
296 39449
297 36543
298 41262
299 37423
300 41932
301 38005
302 36710
303 37212
304 41090
305 26469
306 26475
307 27836
308 27410
309 26645
310 28067
311 27680
312 26934
313 28465
314 27810
315 27156
316 28449
317 28473
318 28040
319 28755
320 28759
321 27764
322 29128
323 28610
324 28696
325 28745
326 28964
327 29351
328 29168
329 29610
330 29394
331 29782
332 29628
333 29962
334 29752
335 30262
336 29999
337 30704
338 30522
339 30255
340 30731
341 30389
342 30639
343 30515
344 30790
345 30695
346 30866
347 31147
348 31051
349 31123
350 31186
351 31494
352 31388
353 31948
354 32095
355 32108
356 31941
357 31779
358 32209
359 31922
360 32266
361 32005
362 32534
363 32187
364 32712
365 32302
366 32894
367 32595
368 32943
369 33198
370 41872
371 33068
372 33882
373 32731
374 33938
375 32891
376 34304
377 33008
378 34132
379 33292
380 34344
381 33689
382 34565
383 33613
384 34160
385 34131
386 35427
387 40677
388 37659
389 34808
390 41791
391 34276
392 35372
393 35096
394 35479
395 35021
396 35709
397 34994
398 36259
399 35114
400 36477
