4 399
2 361
3 638
4 597
5 696
6 767
7 846
8 964
9 1001
10 1094
11 1153
12 1288
13 1379
14 1580
15 1560
16 1662
17 1746
18 1863
19 1923
20 2043
21 2192
22 2218
23 2351
24 2467
25 2459
26 2619
27 2654
28 3372
29 3415
30 3013
31 3258
32 3168
33 3227
34 3474
35 3712
36 3637
37 3839
38 3784
39 3905
40 4019
41 4022
42 4588
43 4515
44 4729
45 4497
46 4660
47 4594
48 4783
49 4803
50 5044
51 5054
52 5144
53 5673
54 5719
55 5592
56 5849
57 5556
58 5961
59 6006
60 5988
61 5968
62 6753
63 6873
64 6421
65 6769
66 6502
67 6698
68 6996
69 6788
70 7264
71 7363
72 7051
73 7172
74 7451
75 7266
76 7581
77 7765
78 8148
79 8129
80 8095
81 8296
82 8389
83 8470
84 8377
85 8881
86 9067
87 8522
88 8774
89 8799
90 8856
91 9260
92 9348
93 9405
94 9244
95 9886
96 9735
97 10230
98 10255
99 9798
100 9900
101 10009
102 10161
103 10751
104 10701
105 10332
106 10849
107 10364
108 11880
109 13192
110 13369
111 11202
112 11313
113 11467
114 12392
115 11799
116 11838
117 11471
118 11967
119 12015
120 12127
121 11960
122 12164
123 12301
124 12675
125 12940
126 12760
127 12907
128 13044
129 13118
130 13200
131 12988
132 13345
133 13513
134 14071
135 13745
136 13593
137 13834
138 14253
139 14349
140 14078
141 13927
142 14865
143 14481
144 14305
145 14695
146 15092
147 14881
148 14707
149 15155
150 15412
151 15180
152 15430
153 14948
154 16623
155 15805
156 15871
157 15917
158 16564
159 16007
160 16160
161 16047
162 16837
163 16280
164 16926
165 16416
166 17034
167 16736
168 16978
169 17033
170 17715
171 17064
172 17459
173 17351
174 17851
175 17648
176 17661
177 17902
178 18408
179 18213
180 17863
181 18092
182 18898
183 18795
184 18570
185 18834
186 19109
187 18233
188 19649
189 19245
190 19165
191 19962
192 19549
193 19331
194 19896
195 20145
196 19471
197 20241
198 20141
199 19913
200 19909
201 20615
202 20172
203 21330
204 20496
205 20558
206 20881
207 20954
208 21440
209 21419
210 21171
211 20950
212 21564
213 21945
214 21798
215 21968
216 22194
217 21462
218 22417
219 22160
220 21803
221 23484
222 22418
223 21908
224 22722
225 22777
226 23077
227 22930
228 22885
229 22540
230 23764
231 23344
232 23380
233 24043
234 27576
235 32864
236 32666
237 33020
238 27729
239 24307
240 24657
241 24866
242 24701
243 24196
244 25504
245 25240
246 24505
247 25404
248 25286
249 24946
250 25858
251 25718
252 25263
253 26086
254 26009
255 25701
256 26267
257 27121
258 25940
259 27042
260 26640
261 26629
262 27518
263 26950
264 26778
265 27217
266 27014
267 27282
268 27351
269 27035
270 27145
271 27723
272 30967
273 30291
274 28391
275 30628
276 28565
277 28230
278 28628
279 28185
280 29102
281 28647
282 29425
283 29075
284 28781
285 29048
286 28928
287 29532
288 29338
289 29371
290 29402
291 29222
292 30296
293 30027
294 29824
295 30564
296 30427
297 30684
298 30174
299 30287
300 30901
301 31157
302 31322
303 30955
304 31584
305 30934
306 30841
307 30816
308 31309
309 31826
310 35120
311 31834
312 32992
313 32004
314 32799
315 32444
316 32928
317 32532
318 32441
319 32872
320 33126
321 32545
322 33477
323 32227
324 33684
325 33188
326 33976
327 33140
328 33637
329 33650
330 33719
331 34190
332 34669
333 32893
334 34114
335 34056
336 34682
337 34130
338 35232
339 34997
340 35610
341 34977
342 35285
343 34666
344 34912
345 34601
346 35717
347 36269
348 36051
349 35774
350 35571
351 35590
352 36571
353 35478
354 35815
355 35913
356 36831
357 37065
358 37612
359 37372
360 37390
361 36776
362 37003
363 37730
364 37456
365 37419
366 37785
367 37648
368 37620
369 37582
370 41931
371 46359
372 41511
373 38369
374 38890
375 38491
376 39039
377 38602
378 39965
379 38371
380 38209
381 38689
382 39481
383 40142
384 39530
385 39069
386 39865
387 39688
388 40517
389 39795
390 40190
391 40036
392 40093
393 40671
394 41136
395 41470
396 40649
397 40234
398 40273
399 40358
400 41769
2 362
3 631
4 693
5 679
6 759
7 843
8 1363
9 1001
10 1104
11 1165
12 1250
13 1398
14 1434
15 1594
16 1722
17 1740
18 1786
19 1905
20 2000
21 2147
22 2346
23 2403
24 2380
25 2579
26 2726
27 2855
28 3289
29 3272
30 3120
31 3183
32 3561
33 3198
34 3427
35 3589
36 3564
37 3821
38 3799
39 3899
40 4029
41 4055
42 5059
43 4733
44 4318
45 4484
46 4849
47 4747
48 4630
49 4944
50 5005
51 5177
52 5259
53 5960
54 6000
55 5536
56 5530
57 5898
58 5709
59 5915
60 5975
61 6030
62 6898
63 6962
64 6360
65 6452
66 6749
67 6539
68 7004
69 7007
70 7715
71 7272
72 7288
73 7154
74 7262
75 7406
76 7245
77 7741
78 8523
79 8230
80 8088
81 8204
82 8681
83 8382
84 8165
85 9349
86 9061
87 8897
88 8851
89 9135
90 8847
91 9438
92 9862
93 9435
94 9634
95 9308
96 9417
97 10289
98 10771
99 10164
100 9958
101 10388
102 10399
103 10516
104 10860
105 10409
106 12879
107 12730
108 11605
109 11886
110 10985
111 11058
112 10993
113 12190
114 13824
115 11786
116 11700
117 11819
118 12365
119 12271
120 12312
121 12165
122 12368
123 12810
124 13193
125 12612
126 12516
127 13002
128 13193
129 13404
130 12972
131 13241
132 12840
133 14394
134 14317
135 14053
136 13468
137 14090
138 14254
139 13810
140 14253
141 14122
142 14943
143 14698
144 14461
145 14449
146 15222
147 14772
148 14654
149 15203
150 16138
151 15297
152 15564
153 15465
154 16337
155 15973
156 15672
157 16222
158 16551
159 16720
160 16088
161 16198
162 17114
163 16548
164 16281
165 16868
166 17902
167 17537
168 16715
169 17805
170 17435
171 17419
172 17325
173 18147
174 18097
175 17989
176 17188
177 18232
178 18824
179 17938
180 19142
181 18859
182 18715
183 18937
184 18797
185 18873
186 19075
187 19380
188 18971
189 19344
190 20063
191 19833
192 19967
193 20371
194 19731
195 20467
196 20713
197 19648
198 20510
199 20761
200 20256
201 20853
202 21360
203 20883
204 21372
205 21482
206 20909
207 21258
208 21326
209 21680
210 21248
211 22032
212 21695
213 22147
214 22144
215 22184
216 21770
217 22480
218 22321
219 22250
220 23518
221 22640
222 23331
223 23380
224 22902
225 22753
226 23415
227 23462
228 23155
229 24087
230 23888
231 23785
232 31720
233 32185
234 31865
235 33217
236 32950
237 24311
238 24325
239 24931
240 24790
241 24754
242 25222
243 25530
244 24660
245 25985
246 25905
247 25315
248 25474
249 26048
250 25472
251 25852
252 25811
253 26119
254 25751
255 26775
256 26057
257 26683
258 27162
259 26266
260 27149
261 27017
262 27283
263 27194
264 27481
265 26916
266 27405
267 27518
268 27094
269 38696
270 34662
271 28037
272 29672
273 27942
274 27857
275 28521
276 28620
277 28610
278 29155
279 28794
280 29511
281 29676
282 29088
283 28802
284 28814
285 29221
286 30078
287 29761
288 29887
289 29939
290 30623
291 29811
292 30667
293 30744
294 30717
295 31259
296 30599
297 30961
298 31569
299 31434
300 31316
301 30934
302 31339
303 31510
304 31473
305 31702
306 32338
307 31720
308 32036
309 32757
310 33054
311 32817
312 33633
313 32780
314 32815
315 32740
316 32133
317 32722
318 33396
319 33607
320 33294
321 33786
322 32691
323 33911
324 34268
325 34015
326 33647
327 33944
328 33863
329 34517
330 34940
331 35054
332 34218
333 34568
334 35318
335 35118
336 35305
337 34781
338 35410
339 34815
340 35401
341 35106
342 35806
343 35272
344 35515
345 35316
346 35821
347 35987
348 36242
349 35681
350 36695
351 36803
352 36675
353 37347
354 36526
355 36987
356 36400
357 36275
358 37076
359 37018
360 38090
361 37277
362 37778
363 37880
364 37847
365 37938
366 37750
367 45331
368 39059
369 41198
370 38501
371 38229
372 38437
373 38240
374 38367
375 38222
376 39386
377 39114
378 39703
379 38904
380 39793
381 39995
382 40006
383 39805
384 39930
385 39870
386 40063
387 39727
388 40309
389 41301
390 40533
391 40106
392 40421
393 41218
394 41421
395 41130
396 41915
397 45374
398 42138
399 51506
400 61168
2 433
3 660
4 778
5 848
6 738
7 853
8 922
9 1058
10 1099
11 1163
12 1657
13 1395
14 1503
15 1557
16 1669
17 1778
18 1839
19 1970
20 2206
21 2429
22 2802
23 2961
24 2439
25 2482
26 2565
27 3476
28 3441
29 2898
30 3024
31 3112
32 3116
33 3565
34 3379
35 3477
36 3588
37 3695
38 3891
39 3877
40 4011
41 4499
42 4734
43 5574
44 4744
45 4378
46 4592
47 5068
48 4678
49 4875
50 4849
51 6280
52 6180
53 5776
54 5488
55 5468
56 5480
57 6363
58 6846
59 5745
60 6101
61 6885
62 6647
63 6547
64 7449
65 6381
66 6993
67 6552
68 6767
69 8043
70 8787
71 7554
72 7052
73 7067
74 7812
75 8381
76 7632
77 8200
78 8408
79 9027
80 8541
81 8448
82 8208
83 8141
84 10147
85 10382
86 8699
87 8555
88 9953
89 9527
90 9836
91 9851
92 10048
93 10454
94 9944
95 9452
96 10550
97 11482
98 10125
99 9855
100 11098
101 13352
102 14199
103 13149
104 12940
105 11016
106 10950
107 13462
108 11631
109 11165
110 12180
111 11430
112 11099
113 12300
114 13569
115 12078
116 11327
117 13313
118 12903
119 12531
120 12749
121 12653
122 12230
123 13436
124 13997
125 12628
126 12588
127 14160
128 13785
129 13536
130 14791
131 13228
132 13455
133 15792
134 13868
135 13344
136 16328
137 14083
138 14863
139 15111
140 14125
141 15408
142 15223
143 14524
144 16695
145 14761
146 14908
147 16098
148 15488
149 16189
150 15848
151 14844
152 15618
153 15977
154 15871
155 18051
156 15968
157 16244
158 16131
159 16199
160 16836
161 16574
162 16951
163 16992
164 16483
165 16471
166 17499
167 17149
168 17081
169 17104
170 17505
171 17174
172 18256
173 17533
174 17527
175 17594
176 18030
177 17748
178 18910
179 18581
180 18575
181 18749
182 18782
183 18340
184 20911
185 19338
186 18961
187 19269
188 19462
189 19246
190 19363
191 19878
192 19597
193 19537
194 20488
195 19784
196 19875
197 20760
198 20170
199 20456
200 21003
201 20339
202 20613
203 21114
204 20729
205 22531
206 21904
207 20503
208 20887
209 21773
210 21350
211 21853
212 22022
213 23570
214 22094
215 22254
216 22383
217 23823
218 22827
219 22405
220 22456
221 22718
222 22846
223 23196
224 23121
225 22624
226 23355
227 25787
228 31474
229 31401
230 32195
231 31954
232 31913
233 28743
234 23944
235 24649
236 24314
237 23994
238 24485
239 24489
240 24323
241 25166
242 25606
243 25144
244 25269
245 25344
246 24963
247 25501
248 26218
249 25455
250 25391
251 25997
252 26329
253 26040
254 26691
255 25648
256 26329
257 26060
258 26518
259 26701
260 26357
261 26775
262 27205
263 27275
264 26820
265 29015
266 31753
267 27198
268 29129
269 28288
270 27632
271 27591
272 28797
273 28142
274 27633
275 28204
276 28782
277 27829
278 28732
279 38451
280 29072
281 29158
282 29552
283 29710
284 29129
285 30283
286 29887
287 29635
288 30245
289 30107
290 30128
291 30384
292 31872
293 31352
294 31051
295 30405
296 31321
297 31551
298 31468
299 30689
300 31109
301 32535
302 31414
303 31197
304 32346
305 31508
306 32317
307 31972
308 32162
309 31581
310 32452
311 32201
312 32733
313 33762
314 32952
315 32820
316 33022
317 33280
318 32746
319 33715
320 33281
321 33041
322 33143
323 34144
324 33724
325 34340
326 33904
327 33800
328 33844
329 34788
330 34477
331 34575
332 34722
333 35447
334 34415
335 34207
336 34527
337 34764
338 34849
339 35312
340 35878
341 35221
342 34801
343 35318
344 35309
345 36536
346 36497
347 36738
348 35376
349 37403
350 36477
351 36964
352 36197
353 37252
354 37151
355 36623
356 36791
357 37303
358 36716
359 37406
360 37847
361 37277
362 37622
363 37726
364 47108
365 40747
366 41101
367 37867
368 38657
369 38499
370 38680
371 38081
372 39049
373 38459
374 38080
375 38799
376 39314
377 39445
378 39505
379 40139
380 40256
381 39532
382 40147
383 39556
384 39817
385 39617
386 40736
387 40136
388 39909
389 40969
390 40529
391 40818
392 41223
393 40613
394 41259
395 45454
396 40441
397 55298
398 60143
399 60201
400 60041
2 369
3 636
4 681
5 701
6 740
7 830
8 920
9 992
10 1129
11 1175
12 1354
13 1327
14 1795
15 1534
16 1665
17 1787
18 1812
19 1970
20 2443
21 2097
22 2438
23 2306
24 2424
25 2545
26 2658
27 3248
28 3295
29 2970
30 3049
31 3356
32 3170
33 3487
34 3706
35 3400
36 3594
37 3675
38 3677
39 3982
40 4128
41 4657
42 4583
43 4420
44 4341
45 4366
46 4621
47 4972
48 4881
49 4775
50 5083
51 5053
52 5923
53 5716
54 5398
55 5577
56 5865
57 5529
58 5972
59 5864
60 5984
61 6699
62 6508
63 6450
64 6543
65 6467
66 6432
67 6867
68 6658
69 7647
70 7460
71 6949
72 7339
73 7339
74 7357
75 7314
76 7810
77 8170
78 8329
79 7736
80 7868
81 8398
82 8121
83 8435
84 8914
85 8914
86 8301
87 8651
88 8847
89 8727
90 9077
91 9369
92 9504
93 9117
94 9330
95 9546
96 9478
97 10414
98 9985
99 10113
100 9820
101 10265
102 10100
103 11436
104 10701
105 10662
106 12867
107 12476
108 12447
109 11167
110 10890
111 10909
112 11068
113 12460
114 12175
115 12341
116 11612
117 11459
118 12694
119 12546
120 12090
121 12029
122 12574
123 12965
124 12862
125 13034
126 12622
127 12743
128 13863
129 13058
130 13054
131 12961
132 13298
133 14344
134 13620
135 13950
136 13477
137 13880
138 14676
139 14099
140 14006
141 14795
142 14956
143 15222
144 14484
145 14695
146 15559
147 14958
148 15367
149 15486
150 15957
151 15114
152 15429
153 16157
154 16649
155 15951
156 15480
157 16521
158 16531
159 15701
160 16102
161 16220
162 17305
163 16725
164 16124
165 17009
166 17400
167 16702
168 16639
169 17234
170 17667
171 17675
172 17404
173 17877
174 18058
175 17632
176 18289
177 18023
178 18423
179 17939
180 17997
181 18261
182 18733
183 18548
184 19263
185 19337
186 19137
187 19190
188 19626
189 19449
190 19744
191 19793
192 19503
193 20748
194 20623
195 19626
196 19617
197 21145
198 19854
199 20638
200 21002
201 20443
202 21057
203 21021
204 20752
205 20843
206 21843
207 20997
208 21141
209 21711
210 21176
211 21438
212 21986
213 21666
214 21921
215 22346
216 22029
217 21939
218 22819
219 22342
220 22362
221 23168
222 22505
223 23132
224 23728
225 22462
226 23725
227 23083
228 23108
229 25032
230 24431
231 25051
232 31712
233 32676
234 32312
235 32366
236 32140
237 32522
238 28395
239 24911
240 24569
241 25506
242 25109
243 24855
244 25375
245 24694
246 24934
247 25582
248 25149
249 26776
250 26016
251 26176
252 26426
253 26298
254 25779
255 26222
256 27003
257 26444
258 26153
259 26552
260 26629
261 27124
262 26954
263 26541
264 26510
265 27599
266 28026
267 27356
268 29614
269 32831
270 27912
271 28462
272 29004
273 28047
274 28011
275 28578
276 28224
277 29368
278 29830
279 28829
280 29133
281 29208
282 29498
283 28851
284 29544
285 29384
286 29228
287 29872
288 30752
289 30000
290 30122
291 29718
292 29993
293 30574
294 30248
295 30189
296 30392
297 30958
298 32913
299 31403
300 30910
301 30838
302 32326
303 30781
304 31640
305 32231
306 32350
307 31366
308 32376
309 31386
310 32976
311 32598
312 32217
313 32671
314 32729
315 32180
316 33243
317 32717
318 33196
319 33483
320 33349
321 33379
322 32987
323 34422
324 33787
325 34034
326 33726
327 34813
328 33740
329 34128
330 34142
331 34535
332 34273
333 34312
334 34813
335 34954
336 35037
337 35449
338 35727
339 35512
340 35740
341 35255
342 35344
343 35498
344 36785
345 35861
346 38159
347 63149
348 49677
349 50797
350 51416
351 48124
352 49621
353 50602
354 36578
355 36861
356 37250
357 36966
358 37503
359 37867
360 37577
361 37774
362 38066
363 41038
364 45928
365 40840
366 44896
367 39913
368 37205
369 39414
370 37839
371 38426
372 38839
373 39016
374 37924
375 38837
376 40540
377 40181
378 39373
379 39657
380 39950
381 39634
382 39747
383 40589
384 39947
385 40657
386 40054
387 39492
388 39844
389 40850
390 40777
391 41432
392 40823
393 45657
394 41104
395 42165
396 42708
397 52002
398 60234
399 58909
400 58693
2 363
3 632
4 747
5 682
6 755
7 835
8 935
9 1003
10 1072
11 1159
12 1285
13 1316
14 1784
15 1559
16 1748
17 1730
18 1913
19 1959
20 2039
21 2218
22 2406
23 2407
24 2460
25 2451
26 2662
27 3420
28 3330
29 3263
30 3031
31 3183
32 3277
33 3362
34 3699
35 3521
36 3527
37 3689
38 3688
39 3981
40 4000
41 4499
42 4869
43 4692
44 4323
45 4370
46 4621
47 4856
48 4750
49 5000
50 5065
51 5192
52 5589
53 5974
54 5878
55 5659
56 5531
57 5699
58 5985
59 5784
60 6037
61 6629
62 6895
63 6543
64 6399
65 6714
66 6601
67 6969
68 6708
69 7273
70 7697
71 7372
72 7427
73 7404
74 7475
75 7785
76 7508
77 8289
78 8414
79 7787
80 8209
81 8088
82 8033
83 8635
84 9425
85 9068
86 8498
87 8998
88 8462
89 9190
90 11282
91 9653
92 9691
93 9219
94 11199
95 9429
96 10282
97 10631
98 11834
99 9750
100 10292
101 10239
102 10981
103 13431
104 11938
105 13902
106 12165
107 11047
108 11721
109 11218
110 11043
111 10955
112 13143
113 12154
114 11700
115 11627
116 11636
117 12077
118 12630
119 12470
120 12279
121 11852
122 12801
123 13107
124 12964
125 12281
126 12458
127 13308
128 13300
129 15017
130 13145
131 13408
132 13998
133 14137
134 13010
135 15418
136 14179
137 14397
138 13555
139 14163
140 16016
141 15785
142 14350
143 16621
144 14826
145 14845
146 16284
147 15855
148 16347
149 16298
150 15289
151 17651
152 15960
153 15540
154 17277
155 16035
156 16372
157 16217
158 15565
159 18210
160 16760
161 17998
162 16133
163 16693
164 18816
165 16680
166 16633
167 18054
168 18347
169 18522
170 17191
171 19507
172 18046
173 19412
174 18139
175 20218
176 18068
177 19556
178 19013
179 18068
180 20671
181 18746
182 18614
183 18871
184 20935
185 18867
186 21357
187 19075
188 20359
189 20058
190 20926
191 20018
192 20752
193 20442
194 21116
195 20986
196 20645
197 21413
198 22056
199 21155
200 22175
201 21433
202 22359
203 21072
204 23132
205 21387
206 23053
207 21502
208 22067
209 21767
210 23472
211 21982
212 24444
213 22147
214 24140
215 23629
216 23081
217 23646
218 22723
219 23011
220 22457
221 22701
222 23701
223 22773
224 23214
225 23424
226 22956
227 26710
228 39562
229 31099
230 33875
231 31929
232 35557
233 32536
234 25184
235 23140
236 24710
237 24710
238 24435
239 24629
240 25314
241 24384
242 25102
243 25532
244 24691
245 24759
246 25689
247 25656
248 25733
249 25379
250 27761
251 25819
252 26791
253 25920
254 26193
255 27132
256 25593
257 26937
258 28810
259 28273
260 27624
261 28775
262 27072
263 31976
264 33660
265 29300
266 27657
267 28450
268 28846
269 28687
270 28517
271 30015
272 27398
273 27879
274 30996
275 27831
276 28427
277 28849
278 28331
279 29634
280 28943
281 29044
282 29611
283 29707
284 30135
285 29726
286 29613
287 30033
288 29682
289 30325
290 31513
291 29676
292 30509
293 30851
294 31018
295 30805
296 31159
297 31893
298 31035
299 30810
300 31227
301 31383
302 31248
303 31299
304 31621
305 31644
306 31680
307 31865
308 31534
309 32462
310 31641
311 33163
312 32275
313 32495
314 31708
315 33756
316 32575
317 33483
318 31919
319 34439
320 33104
321 33242
322 33306
323 33997
324 33587
325 34201
326 33950
327 34310
328 34576
329 34047
330 34276
331 35272
332 34778
333 35337
334 34562
335 34571
336 35477
337 34706
338 35466
339 35890
340 35207
341 36061
342 35149
343 36189
344 35745
345 35519
346 35750
347 36866
348 36318
349 36659
350 36461
351 37025
352 35701
353 36801
354 36706
355 36871
356 37303
357 38403
358 37434
359 36842
360 37195
361 38145
362 44188
363 40204
364 40214
365 38912
366 38070
367 38156
368 38532
369 37860
370 38394
371 38060
372 39130
373 38928
374 39377
375 39834
376 39580
377 39770
378 39771
379 39134
380 38829
381 39885
382 40227
383 40329
384 40219
385 40831
386 40416
387 39817
388 40626
389 41322
390 40939
391 40298
392 46194
393 40967
394 42499
395 41591
396 41044
397 41427
398 50329
399 57880
400 60055
