2 433
3 660
4 778
5 848
6 738
7 853
8 922
9 1058
10 1099
11 1163
12 1657
13 1395
14 1503
15 1557
16 1669
17 1778
18 1839
19 1970
20 2206
21 2429
22 2802
23 2961
24 2439
25 2482
26 2565
27 3476
28 3441
29 2898
30 3024
31 3112
32 3116
33 3565
34 3379
35 3477
36 3588
37 3695
38 3891
39 3877
40 4011
41 4499
42 4734
43 5574
44 4744
45 4378
46 4592
47 5068
48 4678
49 4875
50 4849
51 6280
52 6180
53 5776
54 5488
55 5468
56 5480
57 6363
58 6846
59 5745
60 6101
61 6885
62 6647
63 6547
64 7449
65 6381
66 6993
67 6552
68 6767
69 8043
70 8787
71 7554
72 7052
73 7067
74 7812
75 8381
76 7632
77 8200
78 8408
79 9027
80 8541
81 8448
82 8208
83 8141
84 10147
85 10382
86 8699
87 8555
88 9953
89 9527
90 9836
91 9851
92 10048
93 10454
94 9944
95 9452
96 10550
97 11482
98 10125
99 9855
100 11098
101 13352
102 14199
103 13149
104 12940
105 11016
106 10950
107 13462
108 11631
109 11165
110 12180
111 11430
112 11099
113 12300
114 13569
115 12078
116 11327
117 13313
118 12903
119 12531
120 12749
121 12653
122 12230
123 13436
124 13997
125 12628
126 12588
127 14160
128 13785
129 13536
130 14791
131 13228
132 13455
133 15792
134 13868
135 13344
136 16328
137 14083
138 14863
139 15111
140 14125
141 15408
142 15223
143 14524
144 16695
145 14761
146 14908
147 16098
148 15488
149 16189
150 15848
151 14844
152 15618
153 15977
154 15871
155 18051
156 15968
157 16244
158 16131
159 16199
160 16836
161 16574
162 16951
163 16992
164 16483
165 16471
166 17499
167 17149
168 17081
169 17104
170 17505
171 17174
172 18256
173 17533
174 17527
175 17594
176 18030
177 17748
178 18910
179 18581
180 18575
181 18749
182 18782
183 18340
184 20911
185 19338
186 18961
187 19269
188 19462
189 19246
190 19363
191 19878
192 19597
193 19537
194 20488
195 19784
196 19875
197 20760
198 20170
199 20456
200 21003
201 20339
202 20613
203 21114
204 20729
205 22531
206 21904
207 20503
208 20887
209 21773
210 21350
211 21853
212 22022
213 23570
214 22094
215 22254
216 22383
217 23823
218 22827
219 22405
220 22456
221 22718
222 22846
223 23196
224 23121
225 22624
226 23355
227 25787
228 31474
229 31401
230 32195
231 31954
232 31913
233 28743
234 23944
235 24649
236 24314
237 23994
238 24485
239 24489
240 24323
241 25166
242 25606
243 25144
244 25269
245 25344
246 24963
247 25501
248 26218
249 25455
250 25391
251 25997
252 26329
253 26040
254 26691
255 25648
256 26329
257 26060
258 26518
259 26701
260 26357
261 26775
262 27205
263 27275
264 26820
265 29015
266 31753
267 27198
268 29129
269 28288
270 27632
271 27591
272 28797
273 28142
274 27633
275 28204
276 28782
277 27829
278 28732
279 38451
280 29072
281 29158
282 29552
283 29710
284 29129
285 30283
286 29887
287 29635
288 30245
289 30107
290 30128
291 30384
292 31872
293 31352
294 31051
295 30405
296 31321
297 31551
298 31468
299 30689
300 31109
301 32535
302 31414
303 31197
304 32346
305 31508
306 32317
307 31972
308 32162
309 31581
310 32452
311 32201
312 32733
313 33762
314 32952
315 32820
316 33022
317 33280
318 32746
319 33715
320 33281
321 33041
322 33143
323 34144
324 33724
325 34340
326 33904
327 33800
328 33844
329 34788
330 34477
331 34575
332 34722
333 35447
334 34415
335 34207
336 34527
337 34764
338 34849
339 35312
340 35878
341 35221
342 34801
343 35318
344 35309
345 36536
346 36497
347 36738
348 35376
349 37403
350 36477
351 36964
352 36197
353 37252
354 37151
355 36623
356 36791
357 37303
358 36716
359 37406
360 37847
361 37277
362 37622
363 37726
364 47108
365 40747
366 41101
367 37867
368 38657
369 38499
370 38680
371 38081
372 39049
373 38459
374 38080
375 38799
376 39314
377 39445
378 39505
379 40139
380 40256
381 39532
382 40147
383 39556
384 39817
385 39617
386 40736
387 40136
388 39909
389 40969
390 40529
391 40818
392 41223
393 40613
394 41259
395 45454
396 40441
397 55298
398 60143
399 60201
400 60041
