2 361
3 638
4 597
5 696
6 767
7 846
8 964
9 1001
10 1094
11 1153
12 1288
13 1379
14 1580
15 1560
16 1662
17 1746
18 1863
19 1923
20 2043
21 2192
22 2218
23 2351
24 2467
25 2459
26 2619
27 2654
28 3372
29 3415
30 3013
31 3258
32 3168
33 3227
34 3474
35 3712
36 3637
37 3839
38 3784
39 3905
40 4019
41 4022
42 4588
43 4515
44 4729
45 4497
46 4660
47 4594
48 4783
49 4803
50 5044
51 5054
52 5144
53 5673
54 5719
55 5592
56 5849
57 5556
58 5961
59 6006
60 5988
61 5968
62 6753
63 6873
64 6421
65 6769
66 6502
67 6698
68 6996
69 6788
70 7264
71 7363
72 7051
73 7172
74 7451
75 7266
76 7581
77 7765
78 8148
79 8129
80 8095
81 8296
82 8389
83 8470
84 8377
85 8881
86 9067
87 8522
88 8774
89 8799
90 8856
91 9260
92 9348
93 9405
94 9244
95 9886
96 9735
97 10230
98 10255
99 9798
100 9900
101 10009
102 10161
103 10751
104 10701
105 10332
106 10849
107 10364
108 11880
109 13192
110 13369
111 11202
112 11313
113 11467
114 12392
115 11799
116 11838
117 11471
118 11967
119 12015
120 12127
121 11960
122 12164
123 12301
124 12675
125 12940
126 12760
127 12907
128 13044
129 13118
130 13200
131 12988
132 13345
133 13513
134 14071
135 13745
136 13593
137 13834
138 14253
139 14349
140 14078
141 13927
142 14865
143 14481
144 14305
145 14695
146 15092
147 14881
148 14707
149 15155
150 15412
151 15180
152 15430
153 14948
154 16623
155 15805
156 15871
157 15917
158 16564
159 16007
160 16160
161 16047
162 16837
163 16280
164 16926
165 16416
166 17034
167 16736
168 16978
169 17033
170 17715
171 17064
172 17459
173 17351
174 17851
175 17648
176 17661
177 17902
178 18408
179 18213
180 17863
181 18092
182 18898
183 18795
184 18570
185 18834
186 19109
187 18233
188 19649
189 19245
190 19165
191 19962
192 19549
193 19331
194 19896
195 20145
196 19471
197 20241
198 20141
199 19913
200 19909
201 20615
202 20172
203 21330
204 20496
205 20558
206 20881
207 20954
208 21440
209 21419
210 21171
211 20950
212 21564
213 21945
214 21798
215 21968
216 22194
217 21462
218 22417
219 22160
220 21803
221 23484
222 22418
223 21908
224 22722
225 22777
226 23077
227 22930
228 22885
229 22540
230 23764
231 23344
232 23380
233 24043
234 27576
235 32864
236 32666
237 33020
238 27729
239 24307
240 24657
241 24866
242 24701
243 24196
244 25504
245 25240
246 24505
247 25404
248 25286
249 24946
250 25858
251 25718
252 25263
253 26086
254 26009
255 25701
256 26267
257 27121
258 25940
259 27042
260 26640
261 26629
262 27518
263 26950
264 26778
265 27217
266 27014
267 27282
268 27351
269 27035
270 27145
271 27723
272 30967
273 30291
274 28391
275 30628
276 28565
277 28230
278 28628
279 28185
280 29102
281 28647
282 29425
283 29075
284 28781
285 29048
286 28928
287 29532
288 29338
289 29371
290 29402
291 29222
292 30296
293 30027
294 29824
295 30564
296 30427
297 30684
298 30174
299 30287
300 30901
301 31157
302 31322
303 30955
304 31584
305 30934
306 30841
307 30816
308 31309
309 31826
310 35120
311 31834
312 32992
313 32004
314 32799
315 32444
316 32928
317 32532
318 32441
319 32872
320 33126
321 32545
322 33477
323 32227
324 33684
325 33188
326 33976
327 33140
328 33637
329 33650
330 33719
331 34190
332 34669
333 32893
334 34114
335 34056
336 34682
337 34130
338 35232
339 34997
340 35610
341 34977
342 35285
343 34666
344 34912
345 34601
346 35717
347 36269
348 36051
349 35774
350 35571
351 35590
352 36571
353 35478
354 35815
355 35913
356 36831
357 37065
358 37612
359 37372
360 37390
361 36776
362 37003
363 37730
364 37456
365 37419
366 37785
367 37648
368 37620
369 37582
370 41931
371 46359
372 41511
373 38369
374 38890
375 38491
376 39039
377 38602
378 39965
379 38371
380 38209
381 38689
382 39481
383 40142
384 39530
385 39069
386 39865
387 39688
388 40517
389 39795
390 40190
391 40036
392 40093
393 40671
394 41136
395 41470
396 40649
397 40234
398 40273
399 40358
400 41769
