2 182
3 431
4 453
5 480
6 431
7 458
8 498
9 519
10 549
11 582
12 646
13 634
14 698
15 725
16 743
17 781
18 837
19 883
20 951
21 977
22 970
23 1032
24 1024
25 1052
26 1136
27 1130
28 1360
29 1168
30 1288
31 1314
32 1500
33 1383
34 1522
35 1400
36 1408
37 1675
38 1650
39 2025
40 1619
41 1705
42 2101
43 1874
44 1620
45 2462
46 1816
47 2599
48 1871
49 1740
50 2006
51 1925
52 2402
53 2538
54 2089
55 2467
56 2607
57 2339
58 2732
59 2512
60 2278
61 2580
62 3166
63 2986
64 2660
65 2873
66 2925
67 2817
68 3107
69 2977
70 2681
71 2978
72 2600
73 3173
74 3238
75 3109
76 3180
77 2815
78 2990
79 3242
80 3331
81 3047
82 3384
83 3443
84 3648
85 3231
86 3618
87 3736
88 3874
89 4368
90 3354
91 3800
92 3840
93 3426
94 3329
95 3498
96 3710
97 3625
98 3631
99 3793
100 3586
101 3931
102 3943
103 3925
104 4327
105 3891
106 3843
107 4386
108 4584
109 4024
110 4395
111 3981
112 4027
113 4305
114 4072
115 4109
116 4304
117 4454
118 4243
119 4167
120 4453
121 4326
122 4348
123 4882
124 4929
125 4893
126 4692
127 4909
128 4685
129 4529
130 5387
131 4839
132 4804
133 5043
134 5043
135 5203
136 4874
137 4960
138 4846
139 5516
140 5482
141 5078
142 5218
143 5079
144 5111
145 5129
146 5188
147 5173
148 5343
149 5662
150 5932
151 5461
152 5947
153 5562
154 5398
155 5790
156 5726
157 6067
158 6419
159 6097
160 5763
161 5682
162 6496
163 6096
164 5865
165 6120
166 6708
167 6835
168 6666
169 6392
170 6950
171 6665
172 6751
173 6098
174 5948
175 6406
176 6390
177 6192
178 6260
179 6498
180 6204
181 6430
182 7208
183 6710
184 6959
185 6763
186 6492
187 6683
188 6662
189 6762
190 6986
191 7647
192 7340
193 6628
194 6907
195 6769
196 6889
197 7042
198 7982
199 6952
200 7960
201 7303
202 7219
203 7486
204 7523
205 7406
206 7323
207 7762
208 7748
209 7858
210 7514
211 7771
212 7789
213 7918
214 8111
215 7678
216 7908
217 7953
218 7987
219 8635
220 7615
221 7972
222 7685
223 7919
224 8313
225 8305
226 8209
227 8036
228 8825
229 8087
230 8935
231 8958
232 8302
233 9179
234 8045
235 8172
236 8376
237 8270
238 8207
239 8467
240 8661
241 8470
242 9464
243 8643
244 8544
245 8886
246 9573
247 8931
248 9126
249 9112
250 8869
251 9665
252 9024
253 9592
254 9801
255 9927
256 9995
257 9588
258 9148
259 10301
260 9629
261 9255
262 9214
263 10337
264 10217
265 9699
266 9585
267 10388
268 10228
269 9538
270 9665
271 10545
272 10626
273 9442
274 9978
275 10600
276 10703
277 10275
278 10851
279 10538
280 10704
281 10546
282 10286
283 10187
284 10202
285 10166
286 10481
287 10666
288 11012
289 10382
290 11571
291 11419
292 10319
293 11134
294 10032
295 10775
296 10942
297 11044
298 10410
299 10545
300 11436
301 11823
302 11815
303 11557
304 10857
305 11075
306 10766
307 10663
308 11706
309 11376
310 11358
311 12112
312 11410
313 11350
314 12053
315 11167
316 11395
317 11468
318 12163
319 11273
320 11763
321 12387
322 11947
323 12024
324 12295
325 12095
326 12432
327 11482
328 12018
329 12341
330 12015
331 12111
332 11934
333 12159
334 12310
335 12225
336 11980
337 12119
338 12614
339 12645
340 13158
341 12693
342 13088
343 13327
344 13249
345 13388
346 13291
347 13340
348 13196
349 12929
350 12388
351 13721
352 13229
353 14857
354 13518
355 13270
356 13390
357 13467
358 13349
359 14071
360 13679
361 13254
362 12779
363 12907
364 14096
365 13856
366 12982
367 14676
368 13730
369 13215
370 13696
371 13538
372 14389
373 14770
374 14084
375 13405
376 14350
377 13722
378 14074
379 14601
380 14529
381 13990
382 13976
383 13970
384 13656
385 14149
386 14260
387 14709
388 15122
389 14119
390 14519
391 14631
392 14421
393 15178
394 13897
395 14066
396 15643
397 14572
398 14193
399 14653
400 15322
