2 182
3 439
4 451
5 395
6 427
7 482
8 470
9 485
10 526
11 679
12 619
13 1126
14 1194
15 710
16 763
17 816
18 811
19 885
20 922
21 999
22 1022
23 1075
24 1023
25 1147
26 1190
27 1211
28 1210
29 1227
30 1343
31 1386
32 1506
33 1468
34 1423
35 1677
36 1651
37 1592
38 1646
39 1756
40 1721
41 1853
42 1850
43 1749
44 1897
45 1924
46 1916
47 2059
48 1998
49 2131
50 2150
51 2066
52 2304
53 2324
54 2353
55 2230
56 2213
57 2265
58 2335
59 2317
60 2347
61 2408
62 2586
63 2487
64 2628
65 2508
66 2774
67 2792
68 2729
69 2834
70 2892
71 2915
72 2926
73 3014
74 3061
75 3009
76 3048
77 3154
78 3157
79 3175
80 3129
81 3277
82 3306
83 3248
84 3451
85 3516
86 3292
87 3550
88 3484
89 3483
90 3419
91 3615
92 3615
93 3740
94 3508
95 3717
96 3720
97 3780
98 3883
99 3871
100 3947
101 3981
102 4046
103 3909
104 3918
105 4224
106 4146
107 4172
108 4367
109 4331
110 4174
111 4156
112 4268
113 4300
114 4357
115 4432
116 4587
117 4501
118 4316
119 4643
120 4478
121 4639
122 4555
123 4701
124 4742
125 4882
126 4697
127 4871
128 4656
129 4767
130 5085
131 5009
132 4978
133 5116
134 5047
135 5177
136 5005
137 5226
138 5226
139 5320
140 5343
141 5258
142 5232
143 5211
144 5439
145 5430
146 5422
147 5827
148 6511
149 5971
150 5888
151 6404
152 6039
153 6109
154 5915
155 5643
156 5904
157 5842
158 5759
159 5903
160 6034
161 5893
162 6085
163 6036
164 6142
165 6021
166 6146
167 6061
168 6158
169 6113
170 6124
171 6149
172 6187
173 6616
174 6273
175 6395
176 6529
177 6612
178 6693
179 6616
180 6723
181 6936
182 6830
183 6540
184 6878
185 6802
186 6923
187 6989
188 7091
189 6911
190 7126
191 7110
192 6868
193 7072
194 7208
195 7184
196 7406
197 7565
198 7382
199 7347
200 7386
201 7386
202 7243
203 7407
204 7553
205 7470
206 7656
207 7552
208 7665
209 7634
210 7925
211 7624
212 7803
213 7648
214 7933
215 7705
216 8024
217 7653
218 8178
219 7935
220 8047
221 8100
222 7966
223 8264
224 8493
225 8219
226 8280
227 8294
228 8375
229 8476
230 8266
231 8887
232 8489
233 8486
234 8518
235 8745
236 8755
237 8717
238 8960
239 8393
240 8791
241 8672
242 8888
243 8692
244 8942
245 8906
246 8722
247 9180
248 9104
249 8863
250 9141
251 9043
252 9209
253 9042
254 9329
255 9276
256 9389
257 9430
258 9207
259 9416
260 9300
261 9422
262 9488
263 9573
264 9277
265 9634
266 9553
267 9746
268 9570
269 9923
270 9902
271 9674
272 9968
273 9955
274 10070
275 9809
276 10048
277 10014
278 10164
279 10086
280 10180
281 10284
282 9931
283 10373
284 9973
285 10393
286 10094
287 10459
288 10530
289 10268
290 10441
291 10978
292 10353
293 10440
294 10906
295 10491
296 10768
297 10866
298 10786
299 10857
300 11090
301 11000
302 11040
303 11084
304 10900
305 10981
306 10984
307 11031
308 10977
309 11164
310 11326
311 11544
312 11007
313 11249
314 11214
315 11252
316 11247
317 11417
318 11761
319 11345
320 11673
321 11722
322 11623
323 11409
324 11491
325 11826
326 11423
327 11810
328 11423
329 12021
330 11783
331 11971
332 11461
333 12113
334 11575
335 12163
336 11834
337 12297
338 11966
339 12474
340 11899
341 12355
342 12061
343 12381
344 11951
345 12606
346 12058
347 13107
348 12785
349 13036
350 12593
351 12752
352 12398
353 12954
354 12449
355 12704
356 12621
357 13107
358 12561
359 12996
360 12498
361 13260
362 12658
363 13234
364 12850
365 13495
366 12842
367 13269
368 13005
369 13431
370 13352
371 13423
372 12937
373 13860
374 13162
375 13559
376 13130
377 13740
378 13237
379 13552
380 13189
381 13835
382 13279
383 13843
384 13572
385 13806
386 13542
387 13974
388 13539
389 14426
390 13952
391 14071
392 13795
393 14236
394 14299
395 14271
396 13839
397 14616
398 14169
399 14258
400 14066
