5 399
2 361
3 636
4 690
5 663
6 739
7 831
8 913
9 1003
10 1109
11 1241
12 1313
13 1425
14 1515
15 1577
16 1686
17 1870
18 1876
19 1974
20 2053
21 2127
22 2204
23 2705
24 2622
25 2464
26 2530
27 2808
28 3201
29 2983
30 2870
31 3147
32 3028
33 3327
34 3199
35 3284
36 3474
37 3449
38 3525
39 3634
40 3688
41 3895
42 4190
43 4417
44 4241
45 4112
46 4349
47 4282
48 4347
49 4451
50 4610
51 4603
52 4689
53 4769
54 5777
55 5314
56 5018
57 5099
58 5362
59 5274
60 5348
61 5427
62 5603
63 5603
64 6424
65 6467
66 5834
67 5943
68 6110
69 6089
70 6167
71 6461
72 6434
73 7162
74 7208
75 6693
76 7137
77 6895
78 6826
79 6917
80 7102
81 7843
82 7566
83 7571
84 7466
85 7520
86 7494
87 7600
88 8143
89 8261
90 8046
91 8243
92 8013
93 8175
94 8147
95 8917
96 8980
97 8625
98 8790
99 8574
100 8755
101 8795
102 9415
103 9358
104 9253
105 9373
106 9139
107 9340
108 10158
109 10245
110 9876
111 9888
112 11032
113 11147
114 12693
115 10511
116 9989
117 10755
118 10146
119 10396
120 11360
121 12595
122 10845
123 10547
124 10740
125 11702
126 11416
127 10902
128 11351
129 11044
130 12075
131 11804
132 11301
133 11642
134 11446
135 12547
136 12147
137 11866
138 12066
139 11870
140 13043
141 12493
142 12266
143 12308
144 12545
145 13447
146 12915
147 12670
148 12892
149 12779
150 14139
151 13378
152 13118
153 13740
154 13390
155 14331
156 14019
157 13386
158 13694
159 14940
160 14045
161 14143
162 14077
163 14359
164 14927
165 14446
166 14336
167 14688
168 15206
169 14769
170 14422
171 15300
172 15476
173 15099
174 14859
175 16360
176 15853
177 15303
178 15206
179 15984
180 16228
181 15631
182 15418
183 16267
184 16521
185 16015
186 15868
187 16598
188 16895
189 17144
190 16075
191 17074
192 17180
193 17235
194 16730
195 17020
196 17659
197 17113
198 17047
199 17578
200 17804
201 17380
202 17347
203 17842
204 18256
205 18133
206 17661
207 18089
208 18574
209 18263
210 17872
211 18548
212 18840
213 18448
214 18593
215 19191
216 18901
217 19062
218 19399
219 19781
220 19268
221 19651
222 19313
223 19606
224 19913
225 19696
226 19570
227 20208
228 19708
229 20222
230 21141
231 20049
232 20383
233 20687
234 20206
235 20688
236 20894
237 20447
238 21152
239 21219
240 20732
241 21151
242 21449
243 20982
244 21129
245 28801
246 31905
247 29895
248 31440
249 30710
250 31851
251 32646
252 32185
253 33149
254 33466
255 33312
256 33835
257 33900
258 34053
259 23060
260 23256
261 23686
262 22809
263 23637
264 24138
265 28159
266 35332
267 35531
268 35415
269 35272
270 34921
271 34986
272 34198
273 39757
274 35328
275 35524
276 38816
277 35490
278 41225
279 35209
280 39056
281 35675
282 39001
283 36336
284 29547
285 26860
286 24660
287 31497
288 38512
289 39241
290 38688
291 38755
292 37910
293 37578
294 39092
295 33748
296 26531
297 25529
298 27693
299 26866
300 26441
301 28064
302 27385
303 27261
304 28387
305 27645
306 27207
307 28382
308 27785
309 27976
310 29412
311 28326
312 27661
313 29014
314 28873
315 29297
316 29125
317 29571
318 29173
319 30115
320 29663
321 29842
322 29732
323 29811
324 30064
325 29952
326 30402
327 30214
328 31247
329 30721
330 31275
331 31209
332 31103
333 31060
334 31481
335 31690
336 31222
337 31460
338 31763
339 31883
340 32209
341 31802
342 32199
343 32823
344 36020
345 33548
346 33745
347 33072
348 32971
349 34010
350 33136
351 33524
352 34695
353 33561
354 33865
355 33346
356 34267
357 35020
358 34689
359 34481
360 33837
361 34838
362 35355
363 35446
364 35581
365 35826
366 34771
367 36236
368 35548
369 35841
370 35684
371 35824
372 35795
373 35963
374 36830
375 36326
376 36310
377 37158
378 50571
379 38868
380 36986
381 39662
382 37184
383 37234
384 37493
385 37521
386 37634
387 37968
388 37728
389 38899
390 38224
391 38828
392 39044
393 38910
394 38592
395 39496
396 39245
397 39478
398 39254
399 39856
400 39732
2 362
3 637
4 703
5 662
6 739
7 827
8 913
9 1006
10 1262
11 1248
12 1313
13 1412
14 1486
15 1583
16 1686
17 1773
18 1892
19 1971
20 2302
21 2148
22 2204
23 2294
24 2492
25 2460
26 2705
27 2903
28 3157
29 3147
30 2862
31 2952
32 3028
33 3145
34 3192
35 3283
36 3360
37 3445
38 3783
39 3613
40 3693
41 3775
42 3940
43 4779
44 4400
45 4112
46 4193
47 4432
48 4348
49 4476
50 4514
51 4608
52 4928
53 4771
54 5270
55 5651
56 5234
57 5099
58 5170
59 5380
60 5341
61 5435
62 5507
63 5917
64 6084
65 6370
66 6210
67 5935
68 5998
69 6194
70 6172
71 6265
72 6577
73 6821
74 7119
75 6968
76 6677
77 6777
78 6967
79 6916
80 7025
81 7494
82 7788
83 7476
84 7482
85 7437
86 7587
87 7589
88 8087
89 8725
90 8080
91 8062
92 7991
93 8103
94 8263
95 8641
96 9234
97 8762
98 8528
99 8795
100 8650
101 9188
102 9239
103 9488
104 8983
105 9172
106 9163
107 9682
108 10338
109 12258
110 11336
111 9976
112 10126
113 10093
114 10309
115 10434
116 10388
117 11622
118 10719
119 10677
120 10647
121 10947
122 10473
123 10815
124 10922
125 11614
126 11041
127 11187
128 10953
129 11607
130 12071
131 11467
132 11588
133 11393
134 12019
135 12235
136 12467
137 12022
138 11816
139 12599
140 12711
141 12465
142 12372
143 12230
144 12922
145 13073
146 13108
147 12792
148 12639
149 13348
150 13675
151 13131
152 13210
153 13075
154 13800
155 14029
156 13530
157 13634
158 13978
159 14304
160 13868
161 14189
162 14242
163 14765
164 14331
165 14092
166 14846
167 15063
168 14674
169 14356
170 15189
171 15550
172 14866
173 14832
174 15441
175 15769
176 15209
177 15187
178 15900
179 16042
180 15527
181 15613
182 16206
183 16764
184 15863
185 15803
186 16630
187 16788
188 16312
189 16178
190 18363
191 17240
192 16655
193 16451
194 17180
195 17623
196 17010
197 16945
198 17363
199 17809
200 17343
201 17306
202 17778
203 18172
204 17523
205 17644
206 18532
207 18571
208 18858
209 18402
210 19958
211 20714
212 19048
213 19131
214 18498
215 19048
216 19185
217 18853
218 19324
219 19469
220 19077
221 19240
222 19842
223 19260
224 19736
225 20190
226 19515
227 19887
228 20342
229 19908
230 20093
231 20695
232 20009
233 20294
234 20885
235 20318
236 20561
237 21160
238 20542
239 20876
240 21409
241 22534
242 21593
243 21695
244 21154
245 21457
246 21914
247 27498
248 31941
249 31934
250 32447
251 32095
252 32637
253 32521
254 32969
255 32491
256 33329
257 26276
258 22572
259 22932
260 23306
261 22921
262 23353
263 23805
264 23143
265 23170
266 24278
267 23743
268 23820
269 24195
270 24031
271 24038
272 24781
273 23767
274 24724
275 25126
276 24106
277 24623
278 25716
279 24858
280 24655
281 25932
282 24849
283 25030
284 26600
285 30075
286 29302
287 25978
288 27274
289 26447
290 26135
291 26030
292 26986
293 26059
294 26178
295 27880
296 25871
297 26611
298 28014
299 26103
300 26746
301 27363
302 27129
303 27097
304 27844
305 27431
306 27388
307 28146
308 27562
309 27294
310 28481
311 28552
312 27978
313 28759
314 28974
315 29268
316 29608
317 29991
318 28640
319 29865
320 29057
321 29791
322 29614
323 29730
324 30610
325 30213
326 29839
327 30192
328 30511
329 31042
330 30687
331 30828
332 30741
333 31339
334 31771
335 31221
336 31115
337 31472
338 31693
339 31886
340 32831
341 31859
342 32327
343 31937
344 32965
345 32898
346 33038
347 32528
348 32795
349 32570
350 32460
351 33345
352 33786
353 33790
354 33452
355 33435
356 33223
357 34383
358 34237
359 34165
360 34184
361 34131
362 34931
363 34491
364 35138
365 34750
366 35031
367 35494
368 35958
369 35053
370 35299
371 35432
372 35447
373 36041
374 36053
375 36154
376 36096
377 36270
378 36223
379 36694
380 36533
381 36324
382 36976
383 36572
384 37064
385 37142
386 37195
387 37297
388 43926
389 38325
390 43307
391 38008
392 38018
393 38073
394 38223
395 38453
396 38928
397 39023
398 38681
399 39174
400 38685
2 362
3 641
4 703
5 662
6 739
7 830
8 927
9 1003
10 1121
11 1249
12 1319
13 1410
14 1631
15 1577
16 1719
17 1825
18 1879
19 2131
20 2046
21 2127
22 2204
23 2408
24 2368
25 2457
26 2562
27 2774
28 3217
29 3467
30 2938
31 3022
32 3029
33 3115
34 3191
35 3457
36 3361
37 3452
38 3524
39 3614
40 3813
41 3776
42 4072
43 4489
44 4235
45 4409
46 4202
47 4273
48 4385
49 4541
50 4515
51 4608
52 4687
53 4983
54 5365
55 5324
56 5010
57 5403
58 5178
59 5284
60 5342
61 5531
62 5508
63 5616
64 6607
65 6173
66 5837
67 5948
68 6014
69 6087
70 6165
71 6366
72 6345
73 7209
74 7141
75 6607
76 6684
77 6870
78 6826
79 7110
80 7020
81 7859
82 7735
83 7274
84 7326
85 7668
86 7500
87 7676
88 8045
89 8283
90 8206
91 7927
92 8258
93 8081
94 8147
95 8785
96 8959
97 8787
98 8597
99 8587
100 8891
101 8849
102 9398
103 9287
104 9402
105 9075
106 9262
107 10824
108 11083
109 12105
110 9923
111 9577
112 10120
113 9722
114 10419
115 10588
116 12248
117 10061
118 10520
119 10580
120 11015
121 10817
122 10792
123 10570
124 11418
125 11656
126 11049
127 11127
128 10982
129 11741
130 11827
131 11735
132 11300
133 11922
134 11946
135 12266
136 12033
137 11708
138 11886
139 12441
140 12988
141 12456
142 12116
143 12306
144 12744
145 13434
146 12857
147 12565
148 12708
149 13188
150 13757
151 13269
152 13186
153 13423
154 13858
155 13930
156 13674
157 13483
158 13747
159 14712
160 14007
161 13739
162 14342
163 14901
164 14193
165 14283
166 14650
167 14963
168 14828
169 14491
170 15017
171 15380
172 15212
173 14798
174 15252
175 15802
176 15605
177 15119
178 15556
179 16175
180 15839
181 15489
182 15992
183 16427
184 16164
185 15774
186 16306
187 19652
188 16676
189 16388
190 16752
191 17375
192 16585
193 16588
194 17030
195 17693
196 16972
197 16666
198 17471
199 17937
200 17325
201 17174
202 17584
203 19073
204 18133
205 17555
206 18135
207 18548
208 18054
209 17730
210 18504
211 18827
212 18461
213 18913
214 19049
215 18658
216 19026
217 19477
218 19132
219 19248
220 19690
221 19092
222 19436
223 19986
224 19546
225 19721
226 20304
227 19622
228 19897
229 20492
230 19802
231 20310
232 20670
233 19975
234 20412
235 20901
236 20486
237 20617
238 21088
239 20824
240 20921
241 21333
242 20957
243 21202
244 21728
245 21661
246 22797
247 30436
248 75102
249 30869
250 33357
251 32245
252 33415
253 32494
254 34614
255 32566
256 35143
257 32862
258 34876
259 26542
260 22473
261 23910
262 23273
263 25394
264 36770
265 34083
266 37620
267 33994
268 37269
269 37094
270 39201
271 34721
272 37303
273 33943
274 37225
275 35223
276 38243
277 34201
278 37146
279 35043
280 38247
281 35183
282 34097
283 27102
284 36974
285 37359
286 35991
287 37274
288 36884
289 35920
290 35763
291 38169
292 30985
293 28867
294 25697
295 27757
296 26900
297 25455
298 27862
299 26848
300 26046
301 27596
302 27485
303 26016
304 27939
305 27209
306 26708
307 28718
308 27905
309 26931
310 28439
311 28119
312 27451
313 28892
314 29033
315 28689
316 29830
317 29353
318 29069
319 29208
320 28768
321 29340
322 30384
323 29286
324 30598
325 30429
326 30350
327 30135
328 30809
329 30602
330 30312
331 30892
332 31049
333 30867
334 31196
335 31024
336 31190
337 30946
338 31700
339 30967
340 31833
341 31023
342 32201
343 31272
344 33145
345 32470
346 32877
347 32325
348 33329
349 32071
350 33180
351 32821
352 34090
353 32762
354 34645
355 32945
356 33676
357 34078
358 34042
359 33916
360 33935
361 33956
362 35245
363 33994
364 34853
365 34403
366 34909
367 35040
368 35003
369 34647
370 35333
371 35502
372 35567
373 35105
374 36313
375 35466
376 36304
377 49480
378 36715
379 38479
380 40926
381 36151
382 36741
383 36278
384 37763
385 36379
386 37330
387 37918
388 50726
389 50417
390 38213
391 38174
392 37699
393 38170
394 37973
395 38143
396 38295
397 38660
398 38482
399 38882
400 38828
