1 864
2 1732
3 2060
4 3587
5 5008
6 6112
7 8362
8 10247
9 11494
10 12860
11 13968
12 15682
13 16823
14 22219
15 22259
16 26382
17 28082
18 29614
19 31743
20 33449
21 35247
22 37462
23 39368
24 41704
25 43594
26 45244
27 47862
28 62468
29 60400
30 62069
31 64766
32 81996
33 85513
34 89144
35 92575
36 95601
37 98906
38 101510
39 105516
40 108411
41 112886
42 116225
43 119633
44 122342
45 126626
46 130061
47 133128
48 136461
49 140823
50 143534
51 147950
52 151354
53 156039
54 158793
55 204975
56 201604
57 207510
58 210525
59 214793
60 219418
61 225047
62 229917
63 234550
64 265152
65 270532
66 274997
67 280068
68 287450
69 291048
70 297608
71 302203
72 306973
73 316071
74 321104
75 326909
76 332763
77 337857
78 345038
79 352124
80 354738
81 361655
82 367918
83 375738
84 392431
85 388231
86 393126
87 401929
88 406854
89 420213
90 419463
91 429093
92 437740
93 444348
94 449239
95 454367
96 466886
97 472882
98 478064
99 485667
100 500577
101 502253
102 511377
103 516780
104 523856
105 537631
106 540015
107 547840
108 557290
109 562681
110 722291
111 680075
112 687546
113 701985
114 707958
115 717054
116 730873
117 732757
118 738919
119 745764
120 758819
121 776174
122 779894
123 788076
124 802992
125 808336
126 814069
127 820835
128 899222
129 916362
130 924513
131 927054
132 946911
133 942554
134 955904
135 972107
136 971310
137 1003796
138 990474
139 1004963
140 1022907
141 1028459
142 1035791
143 1048482
144 1058198
145 1077524
146 1079912
147 1092374
148 1118217
149 1106013
150 1117056
