1 217
2 382
3 419
4 397
5 443
6 497
7 550
8 602
9 698
10 747
11 789
12 849
13 926
14 947
15 1018
16 1093
17 1129
18 1215
19 1280
20 1280
21 1322
22 1481
23 1496
24 1476
25 1559
26 1697
27 1915
28 1919
29 1734
30 1824
31 1817
32 1917
33 1916
34 2004
35 2039
36 2069
37 2166
38 2172
39 2238
40 2289
41 2440
42 2737
43 2575
44 2526
45 2548
46 2597
47 2616
48 2693
49 2727
50 2763
51 2860
52 2904
53 3282
54 3257
55 3052
56 3120
57 3142
58 3187
59 3206
60 3278
61 3323
62 3427
63 3823
64 3802
65 3576
66 3565
67 3624
68 3674
69 3700
70 3818
71 3871
72 4238
73 4293
74 4053
75 4099
76 4108
77 4123
78 4188
79 4229
80 4639
81 4617
82 4464
83 4454
84 4525
85 4516
86 4573
87 4855
88 5053
89 4866
90 4846
91 4852
92 4871
93 4911
94 5268
95 5434
96 5234
97 5183
98 5191
99 5259
100 5366
101 5610
102 5626
103 5527
104 5524
105 5512
106 5969
107 6315
108 6921
109 6227
110 5888
111 6255
112 6192
113 6684
114 6306
115 6525
116 6487
117 6277
118 6330
119 6604
120 6871
121 6422
122 6386
123 6616
124 6994
125 6701
126 6643
127 6657
128 6878
129 7194
130 7001
131 6837
132 6991
133 7082
134 7409
135 7329
136 7119
137 7153
138 7382
139 7748
140 7482
141 7350
142 7368
143 7642
144 7990
145 7776
146 7605
147 7647
148 7863
149 8314
150 7955
151 7902
152 8047
153 8209
154 8458
155 8244
156 8100
157 8283
158 8791
159 8384
160 8414
161 8532
162 8805
163 8690
164 8564
165 8766
166 8942
167 8941
168 8723
169 8925
170 9246
171 9110
172 8945
173 9110
174 9586
175 9333
176 9121
177 9332
178 9640
179 9518
180 9346
181 9523
182 9891
183 9709
184 9518
185 9760
186 10607
187 9976
188 9942
189 10238
190 10337
191 10084
192 10054
193 10188
194 10467
195 10328
196 10144
197 10376
198 10664
199 10494
200 10372
201 10541
202 11017
203 10782
204 10666
205 10865
206 11041
207 11097
208 10879
209 11266
210 11617
211 11269
212 11298
213 11228
214 11379
215 11422
216 11478
217 11571
218 11699
219 11607
220 11596
221 11718
222 11770
223 11839
224 11921
225 11877
226 11943
227 11989
228 12124
229 12207
230 12210
231 12212
232 12191
233 12300
234 12381
235 12388
236 12444
237 12556
238 12583
239 12612
240 13003
241 12799
242 12775
243 12802
244 14383
245 15323
246 17565
247 27696
248 18702
249 19531
250 19397
251 19647
252 19632
253 20209
254 19673
255 20461
256 18607
257 18300
258 14506
259 13807
260 14103
261 13887
262 14567
263 16810
264 17082
265 19446
266 18653
267 19300
268 19312
269 19630
270 18749
271 19256
272 19493
273 19455
274 19174
275 20233
276 18862
277 20817
278 19022
279 20391
280 19358
281 19589
282 17693
283 18624
284 18858
285 17990
286 18949
287 20534
288 20321
289 20117
290 20590
291 19176
292 18500
293 18193
294 17877
295 15860
296 15519
297 16713
298 15963
299 15846
300 16604
301 16399
302 16074
303 16834
304 16457
305 16260
306 17049
307 16650
308 16440
309 17266
310 16999
311 16618
312 17333
313 17376
314 17450
315 17712
316 17783
317 17376
318 17837
319 17497
320 17794
321 17946
322 17765
323 18254
324 18118
325 18118
326 18108
327 18513
328 18473
329 18454
330 18585
331 18578
332 18653
333 18889
334 18787
335 18705
336 18775
337 19031
338 18947
339 19374
340 18936
341 19345
342 19206
343 20426
344 19783
345 19932
346 19585
347 19819
348 19730
349 19755
350 19938
351 20514
352 20022
353 20392
354 19945
355 20233
356 20696
357 20593
358 20512
359 20391
360 20585
361 21106
362 20786
363 21114
364 20995
365 20942
366 21354
367 21301
368 21108
369 21263
370 21351
371 21361
372 21421
373 21839
374 21589
375 21742
376 24581
377 24701
378 22808
379 22889
380 22427
381 22180
382 22016
383 22464
384 22208
385 22431
386 22636
387 26476
388 25528
389 23948
390 23002
391 22952
392 23030
393 22957
394 23218
395 23293
396 23432
397 23283
398 23582
399 23449
